0,BEPreN1,BEPreN2,BEPreN3,BEPreN4,BEPreN5,BEPreN6,BEPreN7,BJPreN1,BJPreN2,BJPreN3,BMPre,BMPreN1,BMPreN2,BMPreN3,BMPreN4,BSPre,BSPreN1,CTPre,CTPreN1,DCPre,DJPre,DJPreN1,FHPre,FHPreN1,FJPre,FJPreN1,GDPre,GDPreN1,HAPre,HAPreN2,HAPreN3,HAPreN4,HDPre,HDPreN1,HDPreN2,HDPreN3,HDPreN4,HDPreN5,HDPreN6,HGPre,HGPreN1,HGPreN2,HWPre,HWPreN1,HWPreN2,HWPreN3,HWPreN4,HWPreN5,HWPreN6,KEPre,KEPreN1,KEPreN2,LDPre,LDPreN1,LDPreN2,LDPreN3,LDPreN4,LKPre,LKPreN1,LKPreN2,LKPreN3,LKPreN4,LKPreN5,LLPre,LLPreN1,LLPreN2,LLPreN3,LLPreN4,LLPreN5,LLPreN6,LTPre,LTPreN1,LTPreN2,MBPre,MBPreN1,MCPre,MCPreN1,MCPreN2,MCPreN3,MKPre,MKPreN1,MKPreN2,MKPreN3,MKPreN4,MKPreN5,MSPre,MSPreN1,NJPre,NJPreN1,NJPreN2,NJPreN3,NJPreN4,NJPreN5,NJPreN6,OWPre,OWPreN1,OWPreN2,OWPreN3,OWPreN4,OWPreN5,OWPreN6,OWPreN7,RSPre,RSPreN1,RSPreN2,RSPreN3,RSPreN4,RSPreN5,RSPreN7,SBPreN2,SBPreN1,SBPreN3,SEPre,SEPreN1,SEPreN2,SEPreN3,SEPreN4,SJPre,SJPreN1,SJPreN3,SJPreN4,SLPre,SLPreN1,SLPreN2,SLPreN3,SLPreN4,TBPre,TBPreN1,TCPre,TCPreN1,THPre,THPreN1,THPreN2,WEPre,WEPreN1,WEPreN2,WEPreN3,WMPre,WMPreN1,WMPreN2,WMPreN3,WMPreN4,WMPreN5,WMPreN6
diagnostics_Image-original_Mean,-1240.6449050715714,-1169.1297930606222,-1119.177772488746,-1131.2445617378874,-1163.6302521852542,-1079.9323186136191,-1094.8879818758896,-1129.4102117485527,-989.4132197861722,-1103.3877406179051,-1060.4981153253805,-1035.2016947440459,-1085.300499248072,-1061.133291476503,-1150.6449844280326,-969.4319025598938,-1092.84377537604,-1075.6555168326047,-1040.8081772477826,-1103.9941183688923,-1012.1459913867925,-1013.0252198128602,-1043.359866756685,-1114.452232086746,-1003.9335546613331,-1087.3361815608364,-1027.6447242709828,-1086.3075662731972,-1040.0310868627103,-1054.0580742086618,-1036.6841869563789,-990.0052093136937,-1217.0083111006434,-1109.455309152979,-1145.9445114618227,-1195.9030920801763,-1155.1358055786257,-1100.0304181649353,-1115.1384764887987,-1085.86606456614,-1200.8702350019767,-1017.649835708995,-1147.5669063328855,-1125.750472057597,-1076.6706113319603,-1118.6683422404408,-917.4162475545667,-1013.4348441646199,-1141.935101580782,-893.2722399700102,-949.4271091875895,-983.2143883950874,-1204.6378438700317,-1109.3925409676324,-1067.6170744424974,-1225.2941261333542,-1055.8875379063325,-1097.1083410195038,-1075.8036350968912,-1112.627410413311,-1143.1658077404868,-1132.7900916569613,-1101.0014946910621,-1103.766564392185,-1192.9389639170565,-1143.1308893945263,-1060.5682399125722,-1145.5452336010087,-1149.0915699076727,-1109.9872567081684,-982.4857207854482,-1030.9374966717255,-1086.8977591833636,-1144.9248899681795,-1084.3751780060913,-1241.4235925615915,-1109.168907450563,-1110.3223022877914,-1111.3017652586364,-1076.3079996645329,-1117.5310914888378,-1148.1583577213491,-1120.542510194784,-997.6530880066506,-1107.5526047922297,-1051.306315957941,-1088.762987335587,-1116.7205309464323,-1051.1156995093688,-1122.930147259726,-1064.2098902996077,-1108.2384576514305,-1118.1003941889587,-1120.8878672712679,-1016.2099146738254,-1152.6097512036142,-1050.802174769693,-1087.393424878143,-1028.011754309412,-1021.4337314868142,-982.1212625041769,-1042.6592020020673,-1120.623231353448,-1113.4504521240056,-1035.3532600735437,-1100.028429900418,-1067.8465786780857,-974.5122928812204,-1032.604547333447,-1105.9957345794444,-918.3601817337887,-962.2701801190485,-1096.2696536277274,-1245.0014422815245,-1041.4369319644784,-933.9949311529849,-1069.704303069989,-932.542100550314,-1085.7639493661816,-1074.9239176211531,-1043.1723086640905,-1097.8412874471296,-1134.2480984669642,-1037.4914985605508,-1059.5780649255598,-900.9108082017503,-1107.684899062855,-1069.1129753868713,-1016.8193010126088,-1023.2787385676727,-1043.0077217892401,-1047.6570090322325,-1058.978388596189,-1010.2610796956445,-971.4721522237038,-1064.9459881337802,-1002.9888426232621,-1127.4309582901747,-1113.4257345774224,-1126.8693189161145,-1080.717057774459,-1092.080292434506,-1037.9050838056312,-1094.299086669279
diagnostics_Image-original_Minimum,-2885.1111111111113,-2885.1111111111113,-2885.1111111111113,-2885.1111111111113,-2885.1111111111113,-2885.1111111111113,-2885.1111111111113,-2885.1111111111113,-2885.1111111111113,-2885.1111111111113,-2885.1111111111113,-2885.1111111111113,-2885.1111111111113,-2885.1111111111113,-2885.1111111111113,-2885.1111111111113,-2885.1111111111113,-2885.1111111111113,-2885.1111111111113,-2885.1111111111113,-2885.1111111111113,-2885.1111111111113,-2885.1111111111113,-2885.1111111111113,-2885.1111111111113,-2885.1111111111113,-2885.1111111111113,-2885.1111111111113,-2885.1111111111113,-2885.1111111111113,-2885.1111111111113,-2885.1111111111113,-2885.1111111111113,-2885.1111111111113,-2885.1111111111113,-2885.1111111111113,-2885.1111111111113,-2885.1111111111113,-2885.1111111111113,-2885.1111111111113,-2885.1111111111113,-2885.1111111111113,-2885.1111111111113,-2885.1111111111113,-2885.1111111111113,-2885.1111111111113,-2885.1111111111113,-2885.1111111111113,-2885.1111111111113,-2885.1111111111113,-2885.1111111111113,-2885.1111111111113,-2885.1111111111113,-2885.1111111111113,-2885.1111111111113,-2885.1111111111113,-2885.1111111111113,-2885.1111111111113,-2885.1111111111113,-2885.1111111111113,-2885.1111111111113,-2885.1111111111113,-2885.1111111111113,-2885.1111111111113,-2885.1111111111113,-2885.1111111111113,-2885.1111111111113,-2885.1111111111113,-2885.1111111111113,-2885.1111111111113,-2885.1111111111113,-2885.1111111111113,-2885.1111111111113,-2885.1111111111113,-2885.1111111111113,-2885.1111111111113,-2885.1111111111113,-2885.1111111111113,-2885.1111111111113,-2885.1111111111113,-2885.1111111111113,-2885.1111111111113,-2885.1111111111113,-2885.1111111111113,-2885.1111111111113,-2885.1111111111113,-2885.1111111111113,-2885.1111111111113,-2885.1111111111113,-2885.1111111111113,-2885.1111111111113,-2885.1111111111113,-2885.1111111111113,-2885.1111111111113,-2885.1111111111113,-2885.1111111111113,-2885.1111111111113,-2885.1111111111113,-2885.1111111111113,-2885.1111111111113,-2885.1111111111113,-2885.1111111111113,-2885.1111111111113,-2885.1111111111113,-2885.1111111111113,-2885.1111111111113,-2885.1111111111113,-2885.1111111111113,-2885.1111111111113,-2885.1111111111113,-2885.1111111111113,-2885.1111111111113,-2885.1111111111113,-2885.1111111111113,-2885.1111111111113,-2885.1111111111113,-2885.1111111111113,-2885.1111111111113,-2885.1111111111113,-2885.1111111111113,-2885.1111111111113,-2885.1111111111113,-2885.1111111111113,-2885.1111111111113,-2885.1111111111113,-2885.1111111111113,-2885.1111111111113,-2885.1111111111113,-2885.1111111111113,-2885.1111111111113,-2885.1111111111113,-2885.1111111111113,-2885.1111111111113,-2885.1111111111113,-2885.1111111111113,-2885.1111111111113,-2885.1111111111113,-2885.1111111111113,-2885.1111111111113,-2885.1111111111113,-2885.1111111111113,-2885.1111111111113,-2885.1111111111113,-2885.1111111111113
diagnostics_Image-original_Maximum,3029.8485531306783,3029.8485531306783,3029.8485531306783,3000.8402777777774,3000.8402777777774,3000.8402777777774,3000.8402777777774,3075.0164587709614,3029.8485531306783,2275.6333939552505,3001.194489287021,3001.194489287021,3001.194489287021,2999.4234317408022,3001.194489287021,3255.5365706735165,3057.403448713286,3177.7329644129545,3029.8485531306783,3117.1888924038158,3000.8402777777774,3000.8402777777774,3117.1888924038158,3000.8402777777774,3029.8485531306783,3029.8485531306783,3098.131255427125,3029.8485531306783,3075.0164587709614,3000.8402777777774,3000.8402777777774,3029.8485531306783,3117.1888924038158,3000.8402777777774,3029.8485531306783,3029.8485531306783,3057.403448713286,3029.8485531306783,3057.403448713286,3057.403448713286,3057.403448713286,3117.1888924038158,3255.5365706735165,3000.8402777777774,3057.403448713286,2491.4476919862996,3057.403448713286,3057.403448713286,3117.1888924038158,3029.8485531306783,3075.0164587709614,1814.0213818868356,3177.7329644129545,3000.8402777777774,3177.7329644129545,3177.7329644129545,3177.7329644129545,3057.403448713286,3177.7329644129545,3057.403448713286,3057.403448713286,3057.403448713286,3117.1888924038158,3057.403448713286,3075.0164587709614,3075.0164587709614,3029.8485531306783,3075.0164587709614,3000.8402777777774,3029.8485531306783,3000.8402777777774,3057.403448713286,3057.403448713286,3000.8402777777774,3075.0164587709614,3075.0164587709614,3000.8402777777774,3000.8402777777774,3000.8402777777774,3057.403448713286,3029.8485531306783,3057.403448713286,3075.0164587709614,3075.0164587709614,3029.8485531306783,3000.8402777777774,3000.8402777777774,3057.403448713286,3000.840277777778,3075.0164587709614,3075.0164587709614,3029.8485531306783,3029.8485531306783,3029.8485531306783,3057.403448713286,3057.403448713286,3117.1888924038158,3057.403448713286,3057.403448713286,3057.403448713286,3057.403448713286,3000.8402777777774,3117.1888924038158,3057.403448713286,3057.403448713286,3057.403448713286,3057.403448713286,3029.8485531306783,3075.0164587709614,3000.840277777778,3057.403448713286,3057.403448713286,3057.403448713286,3057.403448713286,3057.403448713286,3029.8485531306783,3075.0164587709614,3075.0164587709614,3075.0164587709614,3029.8485531306783,3029.8485531306783,3000.8402777777774,3000.8402777777774,3000.8402777777774,3000.8402777777774,3000.8402777777774,3029.8485531306783,3000.8402777777774,3000.8402777777774,3057.403448713286,3117.1888924038158,3117.1888924038158,3117.1888924038158,2762.635421797841,2415.313998477249,1959.210372871292,2427.719459617898,3000.8402777777774,2892.8171790095857,1491.6964025060104,3057.403448713286,2696.1686489739964,2886.404726943208,3057.403448713286
diagnostics_Mask-original_VoxelNum,1364.7419039998194,1157.4750307148624,1222.3448154834377,140.95467006246963,3822.019045210526,3922.4999949904686,3809.458926488032,4002.4492731681285,11378.421606446323,6818.550394177272,7188.010124738414,6959.014215240539,3536.21929524578,2904.7457266304277,2847.4967492559576,-6283.983809220552,-108.69733232207454,110.26426964006896,682.818068993588,-138.7297342513366,21312.413737228493,21417.67641894243,233.98222319392517,2561.4890818339513,3103.568573772091,1852.0563847003286,7418.497417194352,13876.699414972634,39192.555722149016,17304.83958152177,1448.2028961816072,34245.81183230496,902.9524032238819,1740.9681226277075,907.4890308749905,1095.7696256910972,-109.44826214714067,1266.6461319107557,-114.70477092260899,252.49991353511723,-162.01334990182568,-518.2679180234336,11310.041852052214,12225.528323466984,8760.534831543391,9035.233623835018,20013.969189996344,13324.68630830017,15840.100851607061,2877.3154220182832,1518.6113622573398,1339.6800549162076,-13.513855058994523,1560.9280697256054,-115.99681851950754,1582.2922902547175,2541.905493566799,20901.568243225454,21547.836898971127,12461.117009473204,9294.445937165976,10195.561727246286,25648.022838005447,1434.4634581904593,2134.270742018771,3040.799498168868,4601.902382938916,2421.748055709026,7353.924429975534,3464.3078646802605,-693.1796586872706,13.704229163834498,168.3957731276223,-4691.750811036694,2200.415964637768,1516.0673152335326,369.961267684389,330.5882035318482,5238.800437107726,879.5263174660004,1815.6660176350315,267.51851003645606,1534.7236600747879,2090.17392693944,1959.645296023818,-41.447076113583535,-140.28150245567485,43773.388855113895,7270.5129422724,4744.462988445335,5580.606443603423,6068.592394657657,5595.517622808786,5076.5593446601915,7668.68286589608,4170.851740734338,7834.302615493456,6356.80846150416,2731.319266081041,2620.9325817962026,3169.8622839201253,6812.705362610492,107.01441351477024,-253.62678855999093,-385.7904377717696,-392.54880619737196,-388.7941570720377,697.0577778452262,991.9936283291736,2103.6815021720645,1612.4338267313206,430.4702820759794,450.74538735278566,284.03896618792805,263.7638609111218,2465.946055193178,1964.6676070982667,3738.7163983667438,1668.7101366619868,3658.917218985983,3605.1227633242383,2846.446649687034,380.40718266363456,254.25267099120902,4412.344625167693,4359.592126533222,1005.5848029640547,4578.138192304599,10759.395474313353,9722.475937454125,2042.9321998055434,1915.9643901263876,1473.624924147396,5143.404197454588,5515.242381499101,446.9604845912172,3597.3469224523474,2528.9430018869652,1559.8687389766355,1538.8427038747623,1625.9505635825253,1309.80910722935,1254.2403001743974,887.0356157166707
diagnostics_Mask-original_VolumeNum,0.13209406926867606,2.9046682864011184,3.8288596921119327,4.927903544915508,8.643381978733455,1.8555754180283077,5.928259354451396,-0.434173510210933,0.13209406926867606,0.13209406926867606,5.118940223207242,3.3730427219759678,3.3730427219759678,3.3730427219759678,3.3730427219759678,3.7222222222222245,1.3716518413389016,1.9247833315342413,0.13209406926867606,2.3532695799046985,11.817511103162845,8.372707324039176,2.3532695799046985,3.0656944993427206,0.13209406926867606,0.13209406926867606,6.9023064134394225,1.9804768806903046,3.055146363930482,7.498206004551259,2.643369712985357,6.601433909244374,2.3532695799046985,3.7222222222222223,0.13209406926867606,9.374008126376816,5.1325644507522155,8.449816720666002,9.833705212518858,2.3118799936922305,1.3716518413389016,2.3532695799046985,3.7222222222222245,3.722222222222224,2.3118799936922305,3.7222222222222245,1.3716518413389016,6.072792603105544,5.5889758253824855,1.0562854749794908,-0.434173510210933,-0.434173510210933,1.9247833315342413,3.7222222222222223,1.9247833315342413,1.9247833315342413,1.9247833315342413,3.2521081460455585,10.635448724868308,5.1325644507522155,5.1325644507522155,6.072792603105544,12.06038831633806,12.654389669578844,7.41679620660725,6.544466238071896,8.449816720666002,7.41679620660725,8.643381978733455,5.67724250353356,2.005348236469792,1.3716518413389016,1.3716518413389016,1.025090949130056,-0.434173510210933,-0.434173510210933,2.344300710572756,2.344300710572756,4.570698042310367,1.3716518413389016,7.525625314955187,10.773933364872185,4.7998063010011895,5.6721362695365425,6.601433909244374,1.4830997657918386,1.4830997657918386,1.3716518413389016,8.061143997242244,3.055146363930482,11.77844604928402,1.9804768806903046,1.9804768806903046,7.525625314955187,1.3716518413389016,1.3716518413389016,2.3532695799046985,3.2521081460455585,1.3716518413389016,2.3118799936922305,2.3118799936922305,4.378749945101724,2.3532695799046985,1.3716518413389016,1.3716518413389016,1.3716518413389016,1.3716518413389016,0.13209406926867606,-0.434173510210933,-0.6166995527977845,1.3716518413389016,2.3118799936922305,8.893477060165528,10.773933364872185,11.714161517225515,12.146582343509257,8.289126175142604,3.927476332465836,3.927476332465836,6.601433909244374,1.9804768806903046,1.4830997657918386,1.4830997657918386,1.4830997657918386,0.49801410588727846,-0.8595472062537515,1.0562854749794908,0.49801410588727846,3.7222222222222223,1.3716518413389016,2.3532695799046985,2.3532695799046985,2.3532695799046985,5.5889758253824855,4.413544872486832,3.9711227026435925,1.9247833315342413,5.439096207974655,1.3716518413389016,4.192336298398887,2.3118799936922305,3.2521081460455585,1.3716518413389016,4.192336298398887
original_shape_Elongation,0.823900200922508,0.6561108310109841,0.6482507003806545,0.6110526258616804,0.7167447368569119,0.6275402822797741,0.6542018820903295,0.7046207450501742,0.5727061418713933,0.7023307900730938,0.7230530363726183,0.722915696441169,0.6097887538481483,0.6526561595817,0.6737580602598288,0.48489043028847423,0.5051371836224846,0.6467238636597198,0.8340657205857245,0.5541525686580969,0.5594168499981065,0.537977559877383,0.9245612631940264,0.5979060713191764,0.5796441896726099,0.3613736507387926,0.6801325721879559,0.7713325636179498,0.8591304289095684,0.8640024882431327,0.575791666216302,0.9042945420946896,0.6652512754819812,0.7285536510946539,0.34775116203188516,0.7559899150639737,0.7945336615257945,0.7635385754855744,0.6923465136268072,0.8225953138477563,0.5635273539059074,0.5789868012268704,0.7629011948345945,0.7720989226034185,0.8065534791988188,0.7815113987790102,0.8080706148905873,0.8617014665446444,0.797129538275535,0.8893823656577288,0.6853640958735566,0.7785762425832269,0.80390846424776,0.6100160183162288,0.6787563266270299,0.6324728292917726,0.6380664334087179,0.48449875814393206,0.5680272540693626,0.5422739764264644,0.5850537672014289,0.5544774014336268,0.5174653554583507,0.43900736212332697,0.553265817505708,0.5370700982999472,0.48002364818297805,0.4675092694095484,0.43168190031182074,0.5489661482238214,0.6832314918080119,0.6064046377448774,0.6728073017310914,0.5895088694426442,0.4842801946695599,0.7919532386260888,0.594758960480119,0.6403833778901543,0.7939897464517579,0.7773608520975314,0.8462547730800922,0.5890548494060911,0.7116846889064881,0.6805359158112312,0.6867964465491188,0.7917656469974147,0.8980832887941695,0.7275457077343676,0.7852725639945726,0.9367923479506224,0.9744068236377215,0.8740370331922127,0.8212148337015805,0.6619962850981973,0.9232171042731753,0.8504960611864616,0.9069965058918561,0.8208400520376155,0.8945459683998055,0.893646491315237,0.8591588584827572,0.7549626112822094,0.5983734455946319,0.7177973403605097,0.7858516418010152,0.7522535986545447,0.30118011947264856,0.3458932242682564,0.3622745127428527,0.5675961186068137,0.5067085066773065,0.5899834363177026,0.5522429045961146,0.5513512159092937,0.6168627435773216,0.5791247845545628,0.6791512187597502,0.6021778839539857,0.6905902794217497,0.7217103600135513,0.8522971677573618,0.7908730178855418,0.6527292460467482,0.687302839175612,0.8308836058314051,0.48689352460147406,0.5583068199887206,0.8695390519820702,0.6907333544911961,0.7904992714924665,0.7178047716607925,0.7410997659084028,0.7634453469608108,0.710478882828848,0.8276291029621122,0.3179009157688057,0.6121922252518056,0.5739726094906484,0.6815281529708825,0.7399927273093847,0.7235266735490812,0.7132502969974175,0.4883946969789998,0.47109558846243726
original_shape_Flatness,0.677952891329145,0.4725183875797164,0.4447371544277221,0.5160568927283327,0.6479435067697003,0.38232681939401625,0.46379009897316037,0.4927364436159949,0.379187971142227,0.40154711039616775,0.5393700723435471,0.4301840006487628,0.3562607702365168,0.3087448854079582,0.37084796412427246,0.5353734437511537,0.24060087290790186,0.49988733521525175,0.5493686741545194,0.4708830061084704,0.29955508390690516,0.3002716680164891,0.69429370932407,0.32343423139074473,0.23526468598388822,0.16880844444698592,0.49211277953504295,0.5719241100530266,0.39926814622417184,0.3433012789266568,0.30662539890735285,0.4594161123494872,0.44101050423413335,0.43347055195431317,0.16282216044174633,0.4481628563672924,0.4211270050992283,0.3612590017853461,0.4513055759012285,0.5180948532631279,0.29123302026760195,0.25710018976825316,0.3620848826103678,0.23466268645668048,0.2670386687480636,0.30578628929511303,0.297022038998297,0.3648430759274044,0.38693209558034614,0.5663585994228204,0.49268871081529836,0.5091003056898452,0.42443071140978134,0.3453132216796855,0.34919543722938046,0.3814948014485721,0.38342681836173736,0.41298982131381434,0.3684333664891285,0.34113057081492987,0.2709141634689115,0.24974261024827452,0.2707408715436239,0.33150295271586705,0.3195492636195926,0.2786039318571267,0.24192377423459577,0.22289847708390462,0.3319830976107022,0.3307547035224128,0.5655757085334279,0.4659946846543697,0.565782096343789,0.553317937822625,0.21165551104612404,0.571788174214962,0.3852061949387552,0.36827766447442806,0.4270560274537491,0.4299493390283634,0.5030485749664357,0.41068510312276363,0.4302154246036222,0.4018248343614817,0.4489145673570653,0.5090337487909091,0.5864038426158176,0.647840325680612,0.4110161414397771,0.5243306982811753,0.4645651413048895,0.4888455112185578,0.4837218683413247,0.40514634958618323,0.5919122125295762,0.31143232922792896,0.3413363985437675,0.5257283982463682,0.2914300483461738,0.2902396732449387,0.3084834940421772,0.47872884571367813,0.5390553426352397,0.5695557667881193,0.39629398468376625,0.5493555268235708,0.1871129907845963,0.16955921651785946,0.1257828954770009,0.3911469356646461,0.3040312939285896,0.42035192684404143,0.4705786046244754,0.40323482804460026,0.44631918625434813,0.3778372549324785,0.48664605195495253,0.3580768306086317,0.5286553146288208,0.43019330067612044,0.43175508585445255,0.5967305348662445,0.24064557309606333,0.20863418208817047,0.23490160407875027,0.20532715118239825,0.21709163526992106,0.5153240029552153,0.42446084202263573,0.5401357575367844,0.37169455072821295,0.3548552815015115,0.31931463957188905,0.5818896893319002,0.5589442443147916,0.1849537223073315,0.15180835296621734,0.40300622066652614,0.4258748507755872,0.46637043106182463,0.45546354419919594,0.41840495564549735,0.3424865267410341,0.3506684332107161
original_shape_LeastAxisLength,8.849724167324236,8.508571635412498,9.168569517909637,13.085647532228352,15.561021961350894,13.208303940115774,10.866200597783337,12.671512400080635,15.82207944292144,13.844966343930263,17.171520001221346,15.169898524098095,10.27113480653334,8.47468648954794,8.940967973258942,5.628528730772652,6.032114070781377,7.604564483327834,2.718849493437526,10.183439409341604,20.37104641949091,21.133170355322903,9.728442777430946,8.322254414546393,6.659967018757622,4.852763236327205,15.873678124553752,20.279639683291567,23.38201737657466,18.05025807506592,11.994135503935555,21.260140394470262,10.447705499449786,10.055250149063681,3.225502944943834,11.400607695785201,10.201419715770172,11.252116459613825,11.740256910294244,8.651956038006398,5.30457915397878,4.94041786308419,16.671532432908144,13.252729466117305,12.205171681556381,13.716863513115007,15.825769830811195,15.624459310944477,17.037865052676107,9.792312664593695,6.4435204463288915,4.651831391670004,6.480348840576169,8.675404868977088,5.949475396566699,8.888106651251466,9.789631202956217,23.331736258700772,19.882313973379055,18.871264634763513,15.900071513764312,15.708005163500815,19.249514602375708,12.733106427413727,8.931203897297777,11.013437466543085,12.227647705121543,10.066177845227216,19.220420895985157,13.604626082752876,7.287911097229225,6.980880887399537,7.852099486285325,5.9725310977943264,6.172316361630789,12.993412876304578,12.786594262385323,12.125472053306906,17.45633295625051,10.009302638400747,15.045121989646338,13.766919773471862,12.196706264170885,14.791436290881386,12.819047764299444,6.95721462598384,5.697798899655181,31.779204536188153,16.107186470836186,19.119440996342078,19.785346694128727,19.862087801308302,20.322880565587546,18.67564222068012,16.91391190731591,10.832833530457414,12.273107734840133,16.13249804040594,9.602156740818728,9.651542114792836,10.459418621960786,15.689028703317472,10.010366300018081,5.436497952020121,2.2249769235425116,2.037138360513522,2.526187503553116,2.3915371510134698,-0.2030027517555517,7.904096647027696,10.013016708006285,8.62669563015886,10.193427660231553,13.121233042080616,14.598965210258182,19.280153673752977,16.744969317052213,12.584634473253342,12.750945156112152,13.917327384682144,12.930740018118703,15.76394461951432,6.465545276223824,5.6699815452077775,5.014095445503696,5.18683996801325,3.434057476547995,9.531916706452852,17.286269658755025,18.68238394675216,9.656454860582295,9.173624918892145,8.135667893077379,28.174109818142604,23.401058531742578,7.062623536204157,10.181596826033633,15.476284113449273,12.83603679804786,12.590266506192435,13.915288103787306,13.175190619202173,12.327610851677829,11.810067553469391
original_shape_MajorAxisLength,9.250442839848432,15.589279044866013,18.690552208775173,24.95448556457608,22.17863154101773,34.80157805283183,22.44330960345875,25.495898249994124,43.11697685007748,34.573167715854154,36.740898809948156,38.72462633475145,29.414233360040004,26.580100953214746,24.43903145126707,8.931935309329422,22.660712421765744,16.60015622353954,1.0816953027405312,20.52800133221819,58.86997820235941,60.778722750200416,13.057149378877302,24.902508385002715,32.68506292266024,39.11660004043571,34.871466367012886,33.534244949951116,60.558137161458845,46.209051359606995,36.555217932147606,46.54294955508162,22.58724360861497,25.930513107252313,27.537352536992493,23.93356478781576,24.669789223929698,31.641119053512814,26.80662638087262,17.50794836955097,16.997808047144677,20.384553003453618,42.909917404488844,47.9395901307343,43.43972968870045,41.69748183171461,51.865714906184564,42.99394788287151,41.92290901576918,14.194473527600003,12.112338701445623,7.8072014358605095,15.611361829931024,25.00075510677351,16.000310160847015,23.155831272808527,25.50918974812704,57.900243353877386,54.308153398308484,55.14896772005599,56.27488047932948,59.44164759519536,71.245790475599,37.880926406280494,29.431931657018637,41.830757728083945,59.48526810075676,48.340845201402715,60.18643153109249,43.78990115615994,11.937404044474434,15.407877642650897,14.744713413886199,10.775065253778273,32.75337270403029,21.86864524810992,30.551253372722687,30.34509521946684,40.97550488421092,23.774759337452636,28.207568754911584,34.15867948702782,28.71202088979527,37.79662107408484,27.33531170328715,16.57534135354455,14.12000401520201,52.77786057726446,40.29386750685457,36.72722306332132,43.49267794715578,39.96800550228313,41.53613784975121,47.388162476056706,30.511713723906663,33.83382654391436,35.072690214564915,32.31536237209949,31.575243642192163,31.850079822899996,32.89632552729115,37.45704797868585,17.47592408746421,10.15524344203764,5.2925508420938705,3.89868771262255,10.348901757118323,18.961512622923316,8.382369463883904,22.065688856834036,31.83528836251994,20.83455151447022,22.42076973737921,33.052937819705086,33.727527449459096,53.56486826796498,34.733664522705524,36.4266876455842,23.585836397417424,31.75242859753074,29.088526602094003,25.819374763561374,24.951776950275708,24.831749626533814,23.31628892189464,28.53044860240382,18.10905975802035,17.006032317844145,42.608066331507025,36.550533749947064,25.27960368758885,25.344290746718045,25.45019553245498,43.951904393251645,46.496974225415315,43.036860887400834,48.06456041060875,33.66234037032414,30.841228789809005,27.96283114822346,31.573434711601386,32.15260577913141,35.654937941050534,33.45371195025779
original_shape_Maximum2DDiameterColumn,14.994492286583085,16.75708801811069,18.74318905258763,25.591524500266285,22.86030517187859,26.843938906743507,22.584993932310944,27.314207332729143,47.95858554554448,37.06850276918139,40.18887100432419,44.76359905660737,34.14351250267385,21.182131849601625,23.73486106430299,5.557928984345224,19.509146616542893,17.725979509278368,5.879644423866342,21.641928836981332,63.47029723066863,65.57922679922501,14.987460137554507,19.567988691204405,29.67593174433283,16.413335346251152,51.092019762911505,44.22666610188583,76.9739110123435,52.87701794812432,41.52910621291617,82.879437282004,27.919068450514104,28.571209950679336,9.169396821948645,26.633263194256305,26.973196570963893,30.606235873852068,26.781013268060086,19.662995187525798,15.775959900353204,17.780685460877184,47.79719486711806,56.152446016800624,52.38825673307154,45.05266143504276,65.43013847760521,53.54220595599324,54.40233367021386,21.38025564284778,10.560619786607806,11.93677802431306,15.867818770698168,24.30587615102061,16.6782435078692,22.898558360731954,22.898558360731954,47.71892605981843,57.561404482443166,51.934419375025065,56.628573923982664,58.68887066690533,77.82940413364105,44.01208861004162,33.63140153360033,47.1103526628458,56.20218121114906,47.4777401852963,68.33458567545532,43.3364979432979,12.539203291597978,12.381839048162103,12.622881747996242,4.001661125465578,20.78304175609891,23.334814236401126,29.253666334141446,29.80249488677502,40.94292238993111,27.052870806757937,31.027508862706494,26.27803249311959,26.44954945290704,35.019285291727094,31.967303568236982,16.306597795885903,13.995158816996408,58.59345057667598,45.58769567676339,46.42808560235336,52.12327332708323,48.572353569965166,43.51598795128918,49.96480808011498,43.72755900305749,45.83256278873738,46.375880124079664,44.31421860680026,39.67097176074162,39.36600333394093,40.05966325621432,46.0372014997996,20.190823318599964,9.14129247976156,4.734500216647081,2.9376350868329517,3.3488942246537583,11.33739699566598,9.032758742104622,20.017494514240674,27.6820042246338,18.67490300582729,27.852524148126832,29.342639753984823,30.88632807249449,43.81350203864938,30.745425413721186,36.30804214881146,22.41483011459016,36.030965055266044,34.45388702481868,29.95430732245553,27.435559248314775,26.637118020291116,26.313318215187994,32.177982441920626,20.25905607864012,22.362714030588016,45.530699184806075,45.61605640545446,28.69852815488745,25.185809631168432,27.820180973816306,42.46727453745674,48.10714812033124,21.134358811735517,42.393624984522546,29.716135978107435,30.224230642883295,29.48896931670794,31.39773388822691,31.56181425628163,30.96983525060219,29.29859807886839
original_shape_Maximum2DDiameterRow,14.373214234546571,16.074327134691487,18.440494366135695,21.220199063190016,24.29611109945702,23.88159790680707,18.32088624980533,22.940291063889802,30.249469850921155,29.17540884336929,32.19707195568089,33.68990238211559,26.521742546843953,27.34906080676614,25.61035913839352,10.220154641736816,19.60720130659272,12.733049829341208,5.24561380292549,14.304248741735904,56.04898247864886,59.68532377861463,14.554788359083048,22.184977828160342,23.85427071878197,14.167624961107382,31.24577439700716,37.18094939688356,66.60010453713454,49.56022943228427,29.2129761586551,71.77948837328704,18.99232745393404,24.82241923111932,24.10393201473973,23.92943439362037,16.66680364320937,36.07446500951106,18.446601202729468,20.443329074481376,18.259827099966977,24.86744289603663,39.168085730782984,43.06063845865472,39.347983907898865,37.832641725360276,49.08903898158957,42.10014370346532,44.27308889743586,21.75743663391993,21.998531343118835,11.294745542816127,16.029504007292452,22.50501930629472,14.350601220470452,22.30501038414679,25.800161111223375,58.12661585584026,58.99268585203025,60.82193719070806,54.00561716314999,48.01362867921859,59.00852687506011,25.505404508944256,23.66851786003413,33.768482826032326,34.05797742441497,26.655202612387708,45.37970631593133,26.58800957273463,10.370003296220403,14.953388822412355,14.565284102641561,8.447676506940706,26.230642454754005,23.284292829185794,27.477197442102614,28.214183074323437,48.55175393445741,30.13008243867631,39.532799233382796,26.006648001195284,28.42585406981539,31.788512561701847,36.04092708925221,16.87843289516028,13.321636443542719,47.46675015880073,38.76664557496953,44.12448595136306,49.01461161393863,44.19681194362866,44.37498161527927,44.5933128828729,37.6861568702128,37.88664631906767,43.233297858045866,37.6861568702128,32.63136548832271,29.915309689641216,31.879116094411522,35.96227690375969,14.554788359083048,9.545171864888324,4.535726566592672,2.9403290451894115,3.8782336060763,6.376478232659522,2.718966654158585,19.38060915695055,24.564844390132016,19.60720130659272,19.704020092221995,24.26925160881118,25.962812874175672,34.568528057741396,31.532716429400743,29.900569516854233,20.305137354734562,37.63391049680618,29.27837881891258,24.712525155486443,21.9575942653412,21.220199063190016,26.026794660636515,20.23497302789543,12.26606641283465,25.897195732690076,39.89344356046601,37.80657969526582,23.87313831270484,23.470012014518986,24.50156223408023,50.42842264670938,43.61078830130436,21.89551110905231,36.59507119082414,33.790240343004946,32.03335454156987,29.481041727843454,32.735756443175745,31.748016394844,27.98902799489692,24.902689312734893
original_shape_Maximum2DDiameterSlice,14.028467460076637,17.263861437301614,18.772426856958674,24.294310519443613,21.04362962177394,28.25587287955024,23.912469676408783,30.664266970515065,47.54360600810587,36.62156604960219,41.506342231892326,41.65847451464591,28.078281180067357,26.42969491115946,27.55316371810482,11.780257391192286,19.749687528961395,16.838295753754398,3.758420395484375,19.853651517509377,68.99635508701932,69.13000163709202,13.85372286905309,21.014536033633792,41.65077687737537,37.68986653057508,37.17364014209386,37.81369959009512,81.30788550254158,52.56713180978134,42.822507677601635,83.65493186643829,25.383329791163664,27.24092754327185,25.585405009505767,26.024411621089364,29.546579710235008,39.80499261303886,28.02734373563981,16.819788186545292,10.238168860813715,11.152150409454268,44.37510330606756,47.271312764272515,43.95045529074637,42.980213236262095,60.559728168297255,53.67962893805702,52.5052703280534,19.544691466966285,21.187394164555364,12.018307607022074,17.811268705843652,24.44829512880924,16.49907347488519,21.518771151110634,26.67615548080927,48.903065378368325,57.419640302433194,49.36026724901383,46.79175438174218,48.451304742156395,61.100211112612186,34.403198878664504,22.28270157662574,33.13775135810854,43.639625882996455,31.132045136395327,55.325985181622215,32.23757152225485,12.777882437333055,16.793142196371264,15.114917235555478,3.7459344461389854,18.929006319447303,22.28270157662574,29.303428744444382,27.850416121399896,38.60316119598971,27.00869759438696,31.29313614648367,33.874021090902794,37.84433569068961,48.11593123414069,31.366713031617024,17.751261057648378,15.046341177308555,68.13620457327627,46.23249593213714,47.140729124704734,53.77528541645903,50.47518769561162,47.431279484687124,52.156808341846585,42.6577046308105,44.958584948701386,50.42919290218978,47.426888726366904,46.309829812434856,44.33112136284575,47.751159409872315,45.07584658871415,13.889269646244387,12.136984154440231,3.8131778210169855,1.7582608125298371,5.089882067739087,6.1879231607273155,6.016910808751099,19.857886690210854,30.7098965859457,22.821503377698924,19.588786454868472,24.68587868234367,28.660390468700793,41.69311990476629,31.230393609817625,36.722936380815035,27.979669812743015,27.69671124671349,27.819984574993548,26.880420652504505,25.48223751190336,25.717140602975736,32.94203611001759,40.68745756801426,17.419789315211847,23.590918256015012,47.446351261440824,46.07716382311008,29.165861238933584,27.488333035914735,28.587741422960143,50.313081469490555,54.1948961319505,45.865671301682504,49.274980657685106,39.08637873191637,36.496475749635366,31.65758260676453,35.60835948204232,35.16275711321609,32.91766718736582,29.779643428775415
original_shape_Maximum3DDiameter,15.474823339978638,17.24885800319873,19.90020056169338,28.417135743399896,27.77525318937676,32.36014894731251,25.715506025447997,32.316251631723006,55.160838269545536,39.00788911957277,46.166084423130556,49.33416212632508,40.07220947399578,26.12719746962891,30.577272704859137,12.397788561853528,26.936290906956643,18.906970808337242,4.07689491829349,21.36051115795039,77.90787470008222,77.52822737260013,14.207825550672887,25.549080807656274,41.72426411547838,37.79927322761861,51.53052469882987,53.55006185321455,87.80253066198625,59.4523223503174,47.423892024054396,90.70510680589629,24.97234804066666,32.87606461547753,26.897247677379944,26.91845800641295,29.874225275786976,39.85869374656282,29.644151515968126,22.407721765673916,20.238836706560804,23.489379892363356,53.98608143436119,60.28509329104935,52.64054389997006,48.98228572254899,69.49898797012658,55.8947283150556,55.29669934736617,22.02077702934166,19.620466213420244,11.755236540256192,19.844876036732806,29.669622604216073,18.18512697193473,28.081899876638012,30.969571866771773,68.5326640747489,73.06699834433479,67.02517848800022,63.6218992244828,68.98034353592345,85.07948569308493,46.054545891313595,33.70795382459472,47.52180653942868,61.58325647109045,47.52180653942868,74.49652630355352,48.25466684931579,14.953730494208504,17.019611161846516,16.534333593377728,8.489941344391898,32.098734535055314,24.937033527448843,34.32691585067177,34.254222723922084,48.16131607015612,34.45063036592154,38.73560060988318,34.94383798628048,38.59589393784397,49.111317863751935,35.90761959693404,21.729851416159217,18.809465465706896,68.34526943813077,50.54316620337849,50.47025361048943,58.809745025406684,52.53378323067707,49.79973367487409,54.38317906296491,46.16584164847715,47.137556850809055,52.35318345465585,50.64500222946162,48.267143201774964,49.01445098194364,49.405502326908376,51.36168967151951,17.034952491669475,12.623421701816795,4.854143327553778,3.1168420426459775,7.503367302877489,17.154427252592814,7.181110802157541,26.36760427579734,40.44763954944177,25.161650017168668,30.55404122704082,33.506277192343575,35.90990800716457,56.568965827926114,39.126666275810805,43.267639636654806,29.897101907537056,39.23345404730282,35.777126144035094,31.77014299735807,29.819790201432966,29.990225924545708,33.42018309538311,40.328064131813335,19.564816787501087,25.386084153659795,52.82046849907007,46.18436743444019,36.85113733908071,36.05130987899954,35.62326263185281,52.16353494184793,53.746674711378,45.43637769443188,51.76582384133381,40.12733193350585,36.2537422223556,33.32702769572823,35.44224298168881,35.15135217651586,38.89500308921447,36.00508626001959
original_shape_MeshVolume,1356.1763838090505,1147.6104590266923,1188.7435585911462,86.5361899166328,3732.274683015575,3837.599006641821,3754.9937377124807,3968.070780166201,11255.871680304306,6770.584416442347,7082.673593284104,6840.934253713933,3412.1535759864055,2800.436381018655,2742.2051039777134,-6251.8009536652735,-142.11446354084,98.1352775667583,708.659655801182,-190.0225839435161,20973.56056792519,21090.51227424323,231.5223542969643,2473.4051221891364,3064.188792165714,1849.8395291980164,7277.235632286087,13744.622731721707,38660.83773334328,17022.755907950996,1391.0186259116708,33784.74639667489,883.8888501837569,1645.8108790764572,902.4598304063838,1036.2083304663302,-163.38068899379505,1200.0156099140959,-156.13581511253687,209.94930409003518,-186.7704218223016,-544.3945076351083,11138.158504327655,12014.89582872768,8572.16641391756,8840.684194126115,19780.185958124886,13038.291866664442,15586.782695193586,2830.4420436792516,1494.125652865478,1301.677393748435,-31.427462519432083,1470.4183254942477,-129.15608573867848,1568.2939160913616,2514.3580362706466,20605.008983975327,21201.723983379117,12216.717034252883,9009.701290516314,9954.689907890615,25216.400344452326,1355.2339127349092,2062.3061336128194,2976.178783550341,4532.6535015555355,2349.5808196630596,7189.65521971708,3329.9060429883993,-627.4112928322829,-14.079934945801142,145.08886260737927,-4686.732789074165,2165.3768641362044,1377.043247337885,261.0757469605933,235.2838564351605,4969.782987388516,828.2624670394148,1721.5622024007898,211.54192890369268,1492.3564674273798,2041.6424167296518,1945.6189418552417,-65.66606129761476,-160.48222385359531,43208.509381338736,6946.048212757606,4578.250989292802,5269.175175674584,5744.497896415977,5243.188245474198,4761.786217520617,7619.5894077252415,4096.890687540001,7798.082635982602,6275.195225467396,2682.483591340402,2523.939474521806,3083.887622241267,6677.9560410031845,85.00978429874885,-267.2760371318045,-392.99971359817846,-398.7144261648318,-398.62074235226373,704.1112842147281,976.4720857422067,2205.3129504347357,1543.2886134886494,405.87335361139685,386.76185584750783,197.61428401658668,161.26496474016858,2159.8538676068374,1818.1633115697869,3655.638872201407,1599.6731600732523,3508.41301940259,3510.654374728354,2783.1453799488067,345.5281707825834,207.3119149006534,4337.73245173933,4267.376649663303,965.280109135846,4516.029916891191,10610.81254021778,9621.955745649766,1986.0174084520659,1886.171916756347,1420.9873112420582,4712.865142415776,5128.653308457942,410.53620905450407,3553.3086285716668,2339.557208893097,1425.5280610905634,1445.3577404254097,1472.9631762034078,1162.713677907488,1123.3664766288925,783.2942370067326
original_shape_MinorAxisLength,10.658298131525383,11.392160085011394,12.989738039321683,15.980346771092801,15.83523779835713,23.17184405050258,14.67290493828171,18.231328402056388,22.689238983754088,24.839944640225124,25.39599073495439,26.676625184621944,18.425383840563956,17.549594320207333,16.605242813647987,3.2056898068313693,11.140688019130696,10.157298390345812,4.252147328891436,10.720818925542382,39.88948113952442,40.15776853209945,10.696620878325271,15.283770925768287,17.920429144612736,9.262539610578422,23.882398840270053,27.445928741557783,47.74269652334635,35.9900390596372,20.34954513019158,45.36553094541186,14.68310060252341,17.316048387991167,6.045822175517543,19.887626858250414,19.504859487176702,25.71164207987882,18.436743553755502,14.099696439637142,9.247547668109558,11.1484908093368,29.9223045170827,35.489702791519754,35.51457267014694,29.663707812483313,42.64781114066566,37.63523693754166,35.5493983575297,16.15126253789279,10.275758492112368,9.134852776859987,10.616601553675372,15.212310875801679,9.974610118288647,14.663215238304264,16.400170349587246,27.849140150191776,34.49272756084781,29.88072879206363,33.05040637791192,33.012407498164904,41.59457088077211,16.280416223088906,15.45988067889614,20.077578352618325,23.344975115089234,19.27091074498311,31.403955797741,21.593493061311555,7.3010723703691465,8.99302908776542,9.55186176252794,6.452117946568604,14.394312042006042,18.450945599988195,20.012566499666303,20.803304265256138,33.927983226451346,18.348779174738183,26.62910916754484,19.996698543651156,20.29276671653047,24.255694018504418,19.543958256513996,10.610296789825252,8.654890740928685,38.917639084481465,30.590430291346635,33.876631506191146,40.9060923116196,37.82591756961649,36.14326834999895,30.5217294043513,28.394889039043008,29.028069517491083,33.26777816727437,26.687457937560872,28.47752890664558,28.703879840596638,28.495939741064092,26.577363831829953,9.492607843826375,6.810364622928937,3.506361732931758,2.2755274705867627,2.8532071482497123,4.155995716048267,3.7640351427040812,11.270704466251637,15.872524482540914,12.008365189780593,12.098145281314977,18.03342365385365,20.71574437993939,28.249684089722805,22.526004431728225,20.406316282438233,16.75384141700202,23.89610772455182,27.60693314951413,19.5512997566304,16.611737073211387,17.033982219756407,19.350163513338956,14.75713782047748,10.07127094208431,14.32531188524278,30.263342872604518,29.136518381179286,18.16213609003063,18.82869787132101,19.509857146270367,33.43273428640555,36.55349121377571,15.010564065230623,31.634593144097206,20.000926974508477,20.96648522958314,20.639432020978035,22.85923909685006,22.947780241557478,17.14490173140093,15.458646895138802
original_shape_Sphericity,0.5368962565965352,0.5142974721423905,0.4446765685392341,0.3540821855485615,0.37581434018761384,0.34606145955382994,0.46505701282290424,0.4825807080601434,0.5200845305447834,0.4647520550448351,0.5421770387764494,0.47789295485801797,0.4045704730113412,0.37608408941291904,0.3457838654831886,0.5806351089107538,0.4165459799715931,0.5472401123687206,0.8142404506988444,0.41727572970364224,0.2948939764959321,0.2772182445134227,0.760094261887451,0.4147111309484932,0.4729049289236168,0.5884064108356519,0.36986507844343264,0.5031745643226258,0.42471658661941747,0.36486042656228457,0.3650173765737439,0.4310558422620023,0.33791172240446604,0.4222358976005827,0.48747979421844684,0.332159997410176,0.3374987435610482,0.3270169174064371,0.3376087093301577,0.44360701022447324,0.47435072625963387,0.44259078996293455,0.3353111777541924,0.34960837659958505,0.35454999791495784,0.3719587662602036,0.38482799946688784,0.39554065565850305,0.3807588574049011,0.6242805402731629,0.6870269465137107,0.652662906220095,0.5348927276188787,0.4435104431354449,0.5326755701514784,0.5638843125545632,0.5617062713238905,0.46964760483933277,0.2870295326864627,0.3646616227972491,0.3271627951811043,0.33161971669821966,0.28633750364373123,0.37585917354810244,0.44208074692036275,0.4302168356821793,0.36600226168412153,0.40809431345683,0.39529619030410723,0.4110637853513699,0.6537757428617342,0.5692494893712154,0.6237134555797175,0.5580272497891214,0.5144104936346893,0.29670264643115024,0.3049588194402778,0.30398870381929227,0.21575630625912182,0.39440953152387126,0.3212958273613049,0.3351396220093411,0.42510398166402913,0.4213043026024793,0.4440852720532092,0.6199582213255432,0.6230030707754067,0.5491869630841331,0.3331765924647101,0.27068426601601786,0.24466930816914134,0.2595775916852202,0.2537715147810353,0.2622827581988087,0.535185062843295,0.43392899404600876,0.42387105155405547,0.4643355299044004,0.39712565266422173,0.39431671663432205,0.3999898773480038,0.4438922376682732,0.5586865766889275,0.6304695678603195,0.7273613076523467,0.8436242570788393,0.5019914395633253,0.5022881497260425,0.6218826090391336,0.5254267761520567,0.48207657206428883,0.5565350447830757,0.49272029117112354,0.3135219251245923,0.2923136811667855,0.2391004138791416,0.2974466830085094,0.3485928485898214,0.32995245061480516,0.3092876314764221,0.30936039215575134,0.6376958173149809,0.4574020356975927,0.4198157681528226,0.49047463040795447,0.44731725255893484,0.4223018644467943,0.6986362823725996,0.42215871218912204,0.4851954470035845,0.5154301277481023,0.5028097600851335,0.4682720563033364,0.17308823543155588,0.1800566677046773,0.31379522319074493,0.2863648859233455,0.28452093346383056,0.28311597300764435,0.3015530573461227,0.2763803194747837,0.2754639704956181,0.3029796936373275,0.29670319444575866
original_shape_SurfaceArea,766.0265031462723,621.8060061888468,773.1668497088021,990.756872131394,2054.767048550769,2261.141662912003,2009.14297420465,2675.2956667826443,5194.761353084305,4003.759905675275,3831.586400927445,3914.6248123296746,2529.466549291884,2167.988928543401,2157.5661995929972,-2187.09660712987,204.89570874305218,356.8207954826062,37.51188547887068,576.7649354864448,9941.393077681918,10829.314305438831,301.2868661985435,1725.0938563932773,2082.0066103025256,1016.4863582884516,3577.9781494655726,6190.555342150235,15205.305579654436,7650.3759596401305,2305.8931362419466,13467.580169449826,1551.013282496797,1977.1709599642036,397.33537998555903,834.6385605246455,313.90531453282165,1088.4758624636759,326.7895367634842,558.7639188174926,75.80587914304442,285.76527306961634,6113.892271811412,6819.808139485851,6592.626786705796,4833.944069729707,10505.085883743735,7678.260727537686,6621.813569940703,1457.1823465860755,778.1945476869305,663.697704990404,303.5744429112342,1821.0190008358331,252.76401171699445,869.738225614276,1143.8127846595714,8581.021807928617,9642.440762980525,8087.487638556138,7507.423795271728,7894.935984385776,12089.965630205079,1847.1060131413951,1606.5773054196882,2336.797971791682,3729.635328052198,1968.3397278110024,5074.682780322017,2578.3834054760337,-1166.3001157203944,164.10276263619244,234.35308645530176,-1195.5293614708326,1482.0656489035514,1330.2001227110172,1271.8948774713645,1248.4819805408165,4223.833189239471,1293.046929983064,1761.8182595142844,896.1504774230557,1121.8932321759821,1657.5756805545645,1441.9789240648263,703.2254340121622,630.763176079724,11894.810242064359,5769.620409997382,5191.39974570318,6402.86792910291,6287.5851786485455,5994.445873847644,5386.738365461573,3728.5108178616197,3144.5499407928123,3779.076015802828,3866.5142590981613,2651.2934618428144,2571.0012278221748,2879.4771465854515,4115.399299880883,472.9740863155457,-117.19990760227483,-307.3598798225448,-324.63344387551115,-310.8666066142805,104.03721872768165,328.633917733026,70.87274627678835,1433.0394822137257,502.9960984699196,607.858860617318,975.0559321651642,1029.1405470723782,2993.9863697796704,1976.9993776158997,3389.1764852797955,1529.171184413658,3580.644716643629,3581.7156971816753,1547.865724656785,1039.3887650221109,999.3815683357052,2624.930616737899,2630.2725877248477,554.1485611329531,2483.2017654049782,4962.549773611203,4914.97961568672,1332.3527517784153,1336.7813805401545,1267.025485968099,6990.373291850534,7019.573586312619,1358.0129461292886,3115.51644409033,3107.2317106457913,2775.0780382257885,2573.201338928476,2920.480535193203,2561.538118139791,2209.896840274706,1868.738208574862
original_shape_SurfaceVolumeRatio,1.06235071467631,1.293649359322321,1.4917365101194355,1.814202289759653,2.2523278256651995,2.0330857568638274,1.7507748689650056,0.5836854742266306,0.2692921168912261,0.46555377721687363,0.7303682895516187,0.7941635377945349,1.3046453124167907,1.6171492357848751,1.7161170596856805,1.7831234830194065,1.5765734769454327,1.270302457385089,1.6412432405693809,1.7222197462887776,0.4983817403797006,0.5492364053297788,0.7286001199611555,1.9510057776875818,0.7273598923780618,0.7447298753652157,0.8395072595131321,0.24793810141500194,0.1368364332805303,0.9203708611701482,1.2555545990929653,0.16692974959906115,1.6324802119499178,1.3354927392323999,1.7890740438836554,2.354315992479468,1.9691179538485053,2.1031929544783914,1.9519537972705048,1.192921995389799,1.4757664739904026,1.9221509454560668,0.9652940344412962,0.8726546538434055,0.765226890395311,0.9490485436793981,0.6207747491894846,0.657168153100595,0.5883912681197104,0.5075916800919336,0.7875282826148814,1.0170805283228805,1.4088100257147218,1.5005034249152818,1.5231062189883025,0.8132620896932193,0.7180945768316734,0.5515714523347932,0.7995099501430778,0.7009378723541412,0.8028532089507554,0.7791057584742201,0.6962826917753262,1.055286313565985,1.0395714209183218,0.8304113615474052,0.8276148605190501,1.0461072041211579,0.2861242059007326,0.8388675689059701,0.9404359463063477,1.089581071953337,0.9364633448128634,1.5215406008769872,0.8179507394741226,2.431717666612946,1.8894385521667676,1.9366367079129878,1.430625494963123,1.1061399040745665,1.6643154774693136,1.5274245757739053,1.4608432113312606,1.1145098313050699,1.044247098291058,1.1612852423126938,1.8263573366108767,0.4630367490474948,1.4066098497745185,1.1857977154050767,1.253047439572964,1.13875655990144,1.2223119286872732,1.2300381112265737,0.6023330126434564,0.7665623434151176,0.6793964766902182,0.6777493854239696,0.8864945828445863,0.9019163902122085,0.8581031880835979,0.513971596405818,1.1184008405131827,1.3061012483872594,2.3334179719655377,2.5520899371804804,4.212181238561074,2.8950958704261334,2.5715805706050343,1.058367524318883,0.8508194383895161,0.9322384335501954,1.0292333113659238,1.6366770284253782,1.782095364023412,2.034332486905632,1.8639273567912025,0.9691482140803336,1.842564229584083,1.171989137005703,1.1712680896721723,0.3468193895226169,1.0267063047426408,1.2758229017292855,0.8075929712488479,0.9774148656175234,1.9409106657175457,0.3219635071493412,0.8614698969924182,0.6127733424188531,0.8374190675592733,0.8756342372888212,1.0234596171907924,2.2416695632732635,2.2972552176318115,1.9562481455405956,1.4225503875192733,1.8843754609903476,1.3374717443834172,1.2591918602988317,1.358597059248708,1.4293836994386706,1.3172980998715105,1.4349150602642013
Voxel Volume,1364.7419039998194,1157.4750307148624,1222.3448154834377,140.95467006246963,3822.019045210526,3922.4999949904686,3809.458926488032,4002.4492731681285,11378.421606446323,6818.550394177272,7188.010124738414,6959.014215240539,3536.21929524578,2904.7457266304277,2847.4967492559576,-6283.983809220552,-108.69733232207454,110.26426964006896,682.818068993588,-138.7297342513366,21312.413737228493,21417.67641894243,233.98222319392517,2561.4890818339513,3103.568573772091,1852.0563847003286,7418.497417194352,13876.699414972634,39192.555722149016,17304.83958152177,1448.2028961816072,34245.81183230496,902.9524032238819,1740.9681226277075,907.4890308749905,1095.7696256910972,-109.44826214714067,1266.6461319107557,-114.70477092260899,252.49991353511723,-162.01334990182568,-518.2679180234336,11310.041852052214,12225.528323466984,8760.534831543391,9035.233623835018,20013.969189996344,13324.68630830017,15840.100851607061,2877.3154220182832,1518.6113622573398,1339.6800549162076,-13.513855058994523,1560.9280697256054,-115.99681851950754,1582.2922902547175,2541.905493566799,20901.568243225454,21547.836898971127,12461.117009473204,9294.445937165976,10195.561727246286,25648.022838005447,1434.4634581904593,2134.270742018771,3040.799498168868,4601.902382938916,2421.748055709026,7353.924429975534,3464.3078646802605,-693.1796586872706,13.704229163834498,168.3957731276223,-4691.750811036694,2200.415964637768,1516.0673152335326,369.961267684389,330.5882035318482,5238.800437107726,879.5263174660004,1815.6660176350315,267.51851003645606,1534.7236600747879,2090.17392693944,1959.645296023818,-41.447076113583535,-140.28150245567485,43773.388855113895,7270.5129422724,4744.462988445335,5580.606443603423,6068.592394657657,5595.517622808786,5076.5593446601915,7668.68286589608,4170.851740734338,7834.302615493456,6356.80846150416,2731.319266081041,2620.9325817962026,3169.8622839201253,6812.705362610492,107.01441351477024,-253.62678855999093,-385.7904377717696,-392.54880619737196,-388.7941570720377,697.0577778452262,991.9936283291736,2103.6815021720645,1612.4338267313206,430.4702820759794,450.74538735278566,284.03896618792805,263.7638609111218,2465.946055193178,1964.6676070982667,3738.7163983667438,1668.7101366619868,3658.917218985983,3605.1227633242383,2846.446649687034,380.40718266363456,254.25267099120902,4412.344625167693,4359.592126533222,1005.5848029640547,4578.138192304599,10759.395474313353,9722.475937454125,2042.9321998055434,1915.9643901263876,1473.624924147396,5143.404197454588,5515.242381499101,446.9604845912172,3597.3469224523474,2528.9430018869652,1559.8687389766355,1538.8427038747623,1625.9505635825253,1309.80910722935,1254.2403001743974,887.0356157166707
original_firstorder_10Percentile,-669.3512625524614,-622.5264473462548,-679.7567770427296,-570.0486034611072,-490.32565384801853,-490.32565384801853,-503.23988233332375,-211.35208409267568,-180.5002045017082,-88.93167698734851,-469.5892500321134,-489.0435050842424,-455.4407009032923,-450.13499497998447,-460.74640682660015,-615.2945617191477,-672.4011443663788,-179.50824075834663,-333.77342024131383,-666.4194911363983,-350.6010522674771,-367.9258589406584,-457.3634118427039,-661.779382792585,-241.8927399942902,-191.9462704410031,-320.2626833848242,-338.6640247537839,-261.81674391433086,-390.95734384231037,-438.13255389488063,-225.24391680986116,-804.7823054716966,-497.3932994034225,-789.9512008987573,-800.6688681216895,-708.6956885021923,-799.6283166726625,-714.7313698408642,-708.7761446059744,-666.0435403755775,-752.7528617776143,-329.5881683662579,-359.3920816834789,-581.9463803900826,-450.0901846103339,-500.6658716959678,-514.3467493969574,-565.8014779102562,-410.4620747366341,-490.0546371986349,-505.42341296223356,-598.3572445945316,-462.3933112507744,-430.45913030909276,-775.0471657954795,-788.7043577723643,-185.2009270613836,-165.59497382699254,-227.04831767617537,-251.19104303086297,-282.5765859919568,-271.7674910732396,-254.32959241512228,-268.35420770927436,-296.22446652000485,-278.52014782452306,-314.5752519096976,67.26515251751164,-261.6632175257997,-280.5316411225066,-473.3845969570209,-466.46367744349374,-565.8830169585484,-299.55053937161756,-795.8245707533147,-511.1442607722907,-499.5943896568365,-542.8941232954041,-271.14903177999633,-243.24546005353608,-325.2287341185715,-292.0955328070549,-290.48984608572584,-237.7305341981829,-555.9577466012893,-577.6714901993795,-156.22965663575854,-598.1540397394937,-624.2447553607634,-633.4201480556098,-537.4093515179054,-549.2716316857891,-598.8018870104875,-183.59141203773783,-244.75298293627958,-209.2070683419595,-240.24633595822124,-363.2132985003134,-362.2475796624258,-353.3952470323736,-268.20256033790827,-431.81790589409786,-372.7094273161237,-369.24897983898524,-559.7350927111702,-641.5788923687606,-698.6948261170617,-812.5697044230237,-331.827903390999,-177.31430098959396,-270.18332522173387,-272.8390151870494,-581.1416228782597,-579.5321078546139,-630.018430481292,-727.1238599522667,-694.2071246589671,-387.51963083399556,-612.3290558478361,-615.658833186766,-96.50388772748431,-612.7831265882878,-507.67929943765444,-592.1201607321889,-629.4954201968626,-453.1246841467335,-538.7920307856676,-435.1863040415429,-291.42891862200884,-187.3109203860115,-197.73765750789153,-227.34958457005544,-763.9094832259764,-575.3107331335384,-508.6629712103042,-351.6742145120488,-755.049191889754,-790.3785759522186,-796.8166360468019,-799.2309085822707,-797.6213935586247,-796.0118785349789,-796.0118785349789
original_firstorder_90Percentile,-160.09860267080612,-178.99019420734254,-242.49321767341402,-270.1549159586835,-340.24903655797215,-306.2242497662544,-292.9923882361418,72.07802508483823,100.51422089620561,98.23812636723608,-176.8300333813699,-131.24197412102887,-274.63716763514077,-1.7304421314237928,308.06114238771164,-159.82122678227228,-207.86387195199075,106.88517567626172,-32.97872344492288,29.80577956346577,95.38674556839936,101.26740287113128,90.51895702584292,-258.83065115400376,70.81118902967552,86.85765372238842,83.67121620022843,70.92499201960163,4.205402870710408,-73.3736539306002,-67.5564528381306,91.4098427803275,-445.1061863644621,17.238614210352516,-495.0258987164946,-371.77539386497284,-315.9403835990956,-450.30065511442183,-324.36952203370896,-198.18288203111743,-184.9132613705592,-337.1716486535694,9.216678540451703,86.13699762329472,45.010128272509284,-15.222536686930084,67.54345502518751,60.03234610762811,36.55168817039658,42.47381040748247,19.01397499015649,-26.645789044802246,9.871610925097336,-336.5700148789143,64.70159819950118,-375.5840704522968,-475.5427109949719,135.14343528322215,183.97631195174054,120.95578510560998,168.5261415834862,125.12862339314296,186.31085924426023,211.92365977382948,53.56730993553065,110.33350306007401,245.2738294656235,78.24826346794083,304.96173519608516,204.07652196431954,100.51351878175947,30.905933587198554,38.75087084120977,-24.896978160020144,43.694928522566606,-253.71056154297543,-171.12465056994682,-84.56136789519658,77.62575221568662,53.18889386297233,13.567408153047076,21.058035865345254,-110.06741245510031,-100.68864964203263,-3.9585171152348764,-106.90786564557777,-254.39474361955692,84.23480817531953,-15.93888428282262,-4.432930865633139,47.39707155242815,83.4435119289341,58.40647211026923,20.850912382271893,67.54345502518751,71.71629331272052,74.32877636920901,69.21259034020073,48.348398902535685,55.8595078200951,45.010128272509284,148.279261201503,43.29759677732735,29.23679827218536,-136.67524821977932,-298.83174662021025,-460.654435785927,-528.8259163638708,-710.8018134311817,-94.61250566967757,305.3952374145687,193.56317130868428,58.27975530031343,-26.59577610483246,-38.61355164637669,-135.06156285214124,-117.47169851482334,-46.390551870730356,1.9841132867788502,-7.600269229847278,-14.42855281675589,88.3299568051211,56.57440737036885,-7.171918688561945,51.036011546783264,11.340426956445746,-2.4790565396658337,52.296188835365406,153.5043157398108,124.29405573563636,47.345141941485814,54.091050548416625,1.4729634143564283,-355.25067548539226,-97.53626433512036,-144.77833724259108,2.0758780433073554,-352.47760133380484,-377.28110642583067,-370.60456516577784,-401.48356849352206,-398.97986552100224,-371.5225946828319,-329.37692797874854
original_firstorder_Energy,305553826.03130525,235452385.53821698,296919965.09666127,100786863.72163698,289388096.41205513,313194051.78013957,287678244.8170914,247486099.49261582,453896456.67347914,156366283.87068474,1037300512.2108753,986822562.4157463,58370340.43748659,-156540717.18675494,-179343084.02318686,-370325771.20694447,80837210.91791254,-113073114.64282829,106274307.00581503,101211800.98325852,1339658175.852706,1463360829.8942122,32352623.207356453,192881804.37898004,142294703.5748492,118055986.0792101,48413329.953501284,522473983.5935403,909677070.6017015,564959835.4397091,285997315.4968742,647751803.449492,551439279.9536018,-21616533.469129205,251629001.87333918,337736337.7949841,106250197.33016312,430772151.2039475,113505835.88327828,252576687.65798736,54897427.28564924,136672628.8518056,607789045.214571,373219201.6411622,1119073858.9422646,810502494.3048742,1408762918.7513943,1029403330.8104388,876517748.2721837,207439236.27055442,174722918.9855782,169362917.96197942,-44211529.32624906,-81331498.17278612,-88655798.51030606,753421962.3509912,1274287376.3958888,435144179.35895014,326500317.0549921,255722638.2308905,286915874.24326336,340405952.40654993,745914347.7324145,34404977.875896156,159475122.10219434,211224886.8705652,265800167.9428501,184056382.17905203,288046018.5465964,190812656.20283195,-344496647.7611271,2889403.423768878,10090045.029295862,197008617.3759172,167095567.41305134,386902886.6337522,128825239.63951418,107517987.41467008,480690820.94156176,-10412996.964672685,127223793.45506334,-10836211.384608448,151792679.42938185,167156812.8702591,131377800.28288963,47327129.70808798,29058747.24738753,516266820.60245436,583581530.5137374,671836574.701036,834615804.1970377,699495354.9410715,695108684.1473866,755334433.7574538,62820758.51056403,109232706.0497219,174407200.2279964,115537624.96519911,102895446.11271846,105557188.85147944,109568648.99756387,505762041.16268665,27597447.042356074,-22913194.89929551,-27996449.133192778,-27145210.99409938,-24080607.79107648,143936885.6511828,167159572.06257138,115062315.02793044,168671623.3181839,6367346.239175141,-17888417.949694514,109086741.17801502,104056139.87173125,514231060.90915966,424802781.2514182,733072651.3174427,178031959.03453073,607185984.0704689,602329327.4590495,77123794.77274376,119401346.5324353,80159112.9249413,356889016.25846046,378802818.6800169,136917415.16618022,399886314.7307457,1150913799.9544153,263942076.77674568,26404376.109336853,31588048.72190553,39523875.96070373,1714923893.6600962,938512093.1587225,82631725.29781923,48702668.50278902,1019243214.4324658,1224233154.7361164,1241314971.9616222,1352792517.3677776,1122341944.9839795,1063138880.9126564,805444870.3665688
original_firstorder_Entropy,4.627554514414839,4.373154019306054,4.34558405323211,3.961912868156663,3.4464754841796927,3.5524659212782654,3.4886699851018883,4.212458642285271,4.183343258669422,3.346819704300492,4.107449936231883,4.179731610799067,3.347819638724281,4.502958610351643,4.759908860342975,4.384525860236495,4.3682184850570716,3.636430688891493,3.54067243673848,5.260928089825583,4.478666585382659,4.561630830234388,3.8785917714716853,3.6765209621987154,3.9026027072142604,3.5280206069378615,3.963937135303225,3.8060255216996377,3.464655877443704,3.653906795669612,4.091876129709318,3.5274687275082237,4.780883607186936,4.355380916235544,3.923907016860905,4.236569616869537,4.248201277062749,4.135653821298215,4.09306699958879,4.532962479521464,4.447625244839851,4.440915764818452,3.9412525761747115,4.436823476828887,4.745661285151584,4.212942757458702,4.330360793927076,4.404121268544994,4.113268766346684,4.219408689625167,4.3672480017338415,4.518971142059484,4.963041025196869,3.505805964944894,4.589617050124827,3.922165523026764,3.4953019485424752,4.063144556589669,4.401279386580052,4.073150550569399,4.582184229703083,4.414991967157826,4.520208445363768,4.612896578950356,3.9778403969534653,4.2715556349313255,4.680559924880586,4.201863418620283,4.139788292868046,4.462162642629398,3.7642927042505594,4.532827886557394,4.5977140513147905,4.792938268490979,3.9657532046131263,4.445933393366271,3.991641598558151,4.1901606643778795,4.641082303317628,3.926296608760424,3.704266597412464,4.073061630955431,3.586672851780075,3.597947678407036,3.6783591283154182,4.186248547206547,3.6082553158035147,3.294741851212298,4.5707427532415865,4.71719460285253,4.842526643077029,4.801119982653078,4.75722535936263,4.895799761127321,3.4269262631585997,4.212252158292114,4.059339737762613,3.8659314437305774,4.4194013209184595,4.458217049179593,4.351936266711789,4.6826265003812235,4.243278582305087,4.071347887427668,3.2531965335109727,2.9195092441031862,2.5745622603519838,3.078955604677453,2.84201325063763,3.7884047093383533,4.902658461634801,4.630060491532403,3.65378601376257,4.72207000692466,4.758190786885536,4.5668174029650315,4.7471327144862165,4.898021028398493,4.3949649502837005,4.938343222884755,4.922247351903174,3.332553058279659,4.750049433536425,4.734618411363809,4.7076420852610665,4.763740263662268,4.486275340052695,4.696725514650901,4.67753431268947,3.999436411234194,3.628025463799155,3.6555936485995826,3.635040040537602,3.9929244575288245,4.314390986965923,4.125460131223632,4.329999836978099,4.337605012790463,4.331838227513004,4.330105287939545,4.161357042471952,4.219406767231379,4.239195021968598,4.340336559650941
original_firstorder_InterquartileRange,286.03638184985493,223.49764065037144,210.11598860332037,134.2040438755411,84.54816043069692,82.7643319998941,111.52856544659014,161.4830453222027,148.94272210251557,47.35140452082189,191.6574269598657,189.65534680256326,158.42289634864545,281.75103403847476,300.57058751711753,250.08530005488757,287.07243913782014,151.50850497801383,211.48146330199907,486.90662983312035,195.6551757655153,217.4833770546181,302.22572662776065,196.69031182844424,143.20772836806512,122.17941800841346,230.0410300210028,129.2798864415426,82.69580325533255,137.15256269412606,201.76832718645042,97.60087343219725,237.89243902469246,173.09194929446153,183.35268450921828,238.5178623358369,241.32625216023175,200.2845707728339,198.40390388496363,286.22528752712407,309.6631487563823,252.8665663116135,149.36484407032884,319.1668110554219,516.9329095066903,273.7842308747838,341.8549099628334,372.35236794789233,343.26592734006283,237.42548257689396,269.56929303269015,285.0805313146052,435.5203966209381,101.0449955293635,326.58818446453404,146.7233690434948,104.50158138597384,110.30013637257116,170.36757013170651,145.31573628134254,226.64229090816633,184.8494781138263,161.35801066931822,260.2459714657776,147.9414880919594,194.96762320062248,292.0444705240411,199.8918258298019,141.18471310868762,221.859071011957,193.6362155688944,383.93010662740545,342.41967770329745,334.3134851194235,182.903326759133,271.29276395290293,176.67413116629547,247.37852229838933,353.90625348192816,186.54378133521848,98.96634813087593,183.7199426328982,96.48357061703486,91.55936798785547,100.33182282955462,271.1048280474141,213.4499050772839,74.15500098287168,313.60786130238307,383.0721636352749,413.602219936187,396.0936425633564,426.4071808740231,398.0053071415066,113.6887428153555,122.72502666278035,98.13391768009596,136.27945243391764,143.05666531948629,138.53852339577386,138.53852339577386,252.1326048382224,301.9484279742992,270.4117907941305,119.33642021999601,190.49715551846685,92.79233641818547,88.86183536065371,59.05963063527156,135.21505536428387,231.16043283187878,271.82371014529065,179.20180070918576,359.92747765768314,367.26945828371584,266.9197360683534,327.9210941884658,419.5112630912023,227.95978081612435,404.5595856951642,408.92910473093605,33.36724444218572,420.10602815128976,334.69132745480056,375.5351732054128,365.9470953898474,252.4457042623594,279.8773736036096,399.09743017617484,109.17060089164305,122.81349783816957,101.46150152163399,83.15979039317492,192.9700571639293,284.0849182226296,232.34646595546243,170.36757013170651,160.43134837568388,237.93764571744742,228.90136187002255,202.92204580867605,214.7821683584212,220.99461350352578,234.5490392746631
original_firstorder_Kurtosis,3.745220572251994,4.127619534553091,5.249836169007181,6.032084753406823,6.869539770711768,8.982943190759073,8.544421996402903,18.851083523279733,26.65207503189794,5.761241543671296,8.418777785122012,5.379817782312305,11.450701048588794,1.4950085816143432,-1.0105235254511333,4.809997012391902,2.554181024733402,1.8701087267445868,3.230619038637525,0.7214657488801937,5.631560173615229,5.389834676792129,1.342435675851784,5.302043711252752,3.763221980472771,4.133773253401239,2.2212118178062603,5.4765494275710305,8.552652075914114,7.581260361704448,3.819329149793934,4.679567695840219,3.169017877777315,5.0691983560857725,3.67695542466527,6.390263431000526,4.962307797769443,7.336645918141528,6.699353015295891,3.3421037413288497,2.316364507366797,2.342782948043911,5.6482852963630545,4.456466003295305,1.2113202652972341,4.98198669455684,2.334947898202815,2.0116192433694398,1.2950990763591164,3.8350214210403077,3.117490726292497,3.735921612280457,1.033221913734879,7.659982931843796,1.229040195972659,7.012550509460308,9.94815241193004,11.815541779544187,12.007098160773253,14.336798610015851,6.101649970200996,12.315039464377886,9.139366888336014,2.039454426563933,3.4603725107311467,3.642659426258797,3.4166588152764357,3.412409068958442,4.286338271590812,3.552069297433796,4.790528639857107,1.1941524206089675,1.4552793524461838,4.039679491813415,3.2702688521592163,3.705573126899995,3.5389730851823336,2.9986721764536304,2.573540160109537,1.913414121335466,4.041721738923093,1.8418318441678294,4.051956520444925,4.32490468120781,4.553877454189815,3.074662924928952,3.786290845130887,12.618966894325222,3.5404333636471845,2.6037063625236847,2.5758968708813725,3.1573465160089143,3.107805429071937,3.192778297255271,9.193932208640367,8.683335994030259,8.775700729138306,7.884807878006068,5.813093437013202,6.525133160418571,5.853055576897576,4.991468957621776,0.9548216280809703,1.1778280193969906,1.334045519630544,1.2917121851009927,2.819081833093606,4.558724932254687,7.715405283289307,6.753079305227354,15.594808908091846,3.911417963167425,1.838031167082467,1.812420073224124,1.7063386828062805,3.897270845499582,3.1694972918181956,3.699019825226812,7.606039927267,4.626882710267758,4.122873728174049,9.348836665909598,5.374160370920458,6.292487672032611,2.722333096611251,3.6817573733071702,3.5290444888616315,3.5131768160055996,2.7110877153822237,6.225439028190109,10.934043863485748,11.792075147589504,12.162578044890944,3.3852707999990255,2.1860001006412784,0.8931739192516099,8.813423172872124,6.193274360159385,4.308221610440043,4.782596328991424,6.397723525123245,6.178115667173875,5.512282495572242,5.962505738448934
original_firstorder_Maximum,149.8659648636444,185.51530137681755,270.3029125432835,84.3510157362484,-177.3861841211239,-27.554066369714235,182.2108984822593,1328.5703226555474,2008.448941455836,414.82724975885054,618.136768140354,449.99220725614157,-277.3307770337072,367.8750961266425,530.8058721772359,144.0468677269382,29.479912777417553,183.41363358318821,92.05622997741762,190.52783965047828,684.0787028949974,682.3503810299867,8.238097161564895,57.750278942269006,288.6093285905887,197.0772483540629,174.01944576054427,265.485434636098,117.0558440835714,302.38676099036326,304.323619481798,221.16463788999076,124.34621339654154,603.2342826577885,-221.07983398964421,341.60158556962995,57.88609264712136,269.33941696184644,152.2948669199602,113.86297650800807,55.37966501155921,-54.460285605322554,431.7595429953775,652.4805979657501,215.7910336875333,437.8810892776847,199.91699199564002,198.24604023859862,74.41972341550161,544.8991532528609,296.6604163786083,466.4683756393704,71.85765318929123,-80.03583097628916,299.66670788840725,135.26842099213792,95.3431227459011,723.7603678281179,1050.0274602220939,789.762962231253,762.19225824007,735.4570301274077,677.0208466750307,543.297578067647,167.127421814309,353.263069465529,461.075037667832,245.50032608850688,612.978237017562,383.0318955714258,217.6618656989544,124.7241629287771,174.85271564001906,406.9771195278389,131.20650735530162,11.470125825277023,-59.099699059648344,-57.371377194637546,313.31400151474276,164.8270050977707,250.06950533310416,190.72675733191232,82.22344218392794,121.40989432102691,281.8648595205289,-66.0129865196916,-128.2325736600805,833.2077079143294,494.7728403639825,181.27808508603917,635.1878223407687,235.61707161154746,251.99649649597836,219.23764672711656,418.81167216806296,713.7346572858695,955.6803256389749,778.0662999319633,754.6729753333836,836.5496114284122,758.8503547259872,618.0413877243975,156.85648594233504,80.44394136718017,-76.62552379471117,-209.46618847950214,-379.9032676977245,-254.80217933994317,-411.96125976726427,181.01882630268508,1732.179753202601,719.5829884355144,160.6496257051672,171.51081212593627,198.24604023859862,192.25977044687735,391.3610090432641,849.6247965354491,777.7829676174343,861.8891995456711,736.6347739588464,756.6682212254514,714.3243355326865,767.9023133480214,654.1820693991997,792.7767783192537,138.304017886399,352.6449324244877,490.4890483185004,204.9298472667642,840.7332905663479,764.1019338512631,851.1830210274957,-62.587853741770914,128.22278012515497,-133.4138046451066,903.2432754932818,143.54503633529592,55.37966501155921,72.92465846049384,88.79870015238711,108.85012123688384,72.92465846049384,189.05580557487093
original_firstorder_MeanAbsoluteDeviation,166.74311753400332,143.33166517399331,146.14267013894184,96.68745859787425,68.3766217341489,74.15514531251213,85.20189664827339,108.8011224607038,105.59690412086623,50.626834074077195,106.81481404012555,126.98140383903504,65.1952947416412,158.7991126058492,218.93506447591292,135.04723799120836,162.42621340201921,70.1876256487084,96.10567163443761,239.86271041534025,135.037996832661,142.0785826883612,171.09762522320148,132.67333803209212,91.8682706521164,83.27657369482817,129.7211406408634,125.54621784615956,87.9813335080859,105.81035586257597,121.67361880143497,91.0047845458825,143.82994126425925,148.15083236048594,104.87169955479825,164.94778657147322,140.42081933342362,149.44602470860448,146.5204089559451,175.87151495379948,168.55043991446848,152.01939303396216,115.09082090366897,166.87464884569624,243.72409958496112,155.89735492666108,203.16814967829384,209.9459523301843,198.14094753164537,147.69333083763277,162.68138341574476,165.21558964161582,219.09265531562266,60.51494854354499,165.95660447651724,145.10279370933452,105.85812727243228,87.25332043971935,107.82002380607355,98.00819182917249,133.19859853708112,127.05626067332248,123.00774100703089,142.10226151405882,98.2002796259569,123.83569565892934,159.51256042345506,123.00870011431128,100.33001846673577,134.80351584359718,123.17437020590661,179.4829661111675,178.86091019742938,178.55143915752745,110.99839175798374,173.17047279794875,107.42939115230051,127.8380363638527,186.02338858225636,94.17181404498399,72.31539007596598,95.63764936283093,70.06972223960611,69.57571060764035,70.63812713611259,139.71006801375984,114.05881559546305,62.47038112013756,178.6065150156628,197.51786703441832,214.26814912909612,206.00055656943175,206.4698365835379,208.13951732927845,73.76198232045289,103.94174653305855,89.4867036707205,98.78439868455803,122.5576770230342,126.15567671110901,117.63481409682404,138.01693784893345,155.03144100543034,123.74538468446201,59.43730054747931,98.38732903049973,43.77072183602091,65.52458747363708,60.52545750162862,92.0837608653629,163.46138872798437,149.81379547903038,96.0273756561984,185.04792159188702,186.71089462405627,159.832406611884,186.02998741879966,215.35639749753105,133.63108457871704,212.1738056116818,212.43746536167353,65.80701597070649,232.03579724834333,192.76821694180555,198.60958199344452,197.75869101277115,143.92426634526242,172.30575977396012,197.36963291750743,116.02253751415708,73.51190442534364,73.48864720588736,74.95704102850738,146.99630075207355,162.969484465452,118.05639666326408,111.39778612961105,115.98639476993553,144.0049330842293,147.56868647302682,139.82745534405512,148.88054122882474,151.17761601233863,168.21538843422582
original_firstorder_Mean,-460.22344239954566,-442.8411078316127,-508.9132255720971,-466.7699159456565,-444.6144099473008,-443.4680089869437,-443.9256321358073,-66.80752528564577,-15.253169042730889,22.493168556697412,-301.5715401737493,-295.06050753434874,-356.98168736423565,-203.84045316721594,-126.541673862794,-503.180194282481,-474.8461275681856,-10.8098408454766,-183.4511376318369,-340.9647485719734,-60.85139031345986,-72.14111736622243,-106.69741208884821,-462.24708583799753,-52.14170107728418,-11.681894834470711,-59.73172388098047,-52.80763823082336,-82.27550679645097,-230.40082946190165,-255.77106576925496,-8.12953536819947,-653.9100028950286,-327.92175204201374,-661.9047773275406,-628.8632223460386,-528.4101117301451,-645.5242339483277,-541.258901494589,-500.06383711422984,-458.19488550334364,-603.525488391115,-94.12962105942123,-100.59672525512084,-220.376642946375,-173.0877019195034,-137.86281464156792,-152.42843287876858,-172.63766108097448,-116.9250077915269,-183.52310428070015,-227.89416278468107,-311.85330661126454,-410.556518228331,-206.28684264745658,-602.7256453866903,-642.1623628341533,-22.504992972191502,29.86119815893869,-38.10906290827623,-36.303709139467315,-61.44508393919122,-37.415079340034964,-23.192607489573703,-90.95800461879145,-60.985548320757346,-20.937728607712387,-83.39310671185174,266.2050237290971,-2.2448885976650956,-51.74954386343214,-196.12405589123597,-176.44362224270316,-284.22562203024904,-97.74019985172018,-617.5036072167245,-396.42123689432856,-347.9277418565146,-221.2291123668285,-98.01464097813371,-114.28708257284976,-146.10142844712016,-209.5157540366698,-205.78657573888705,-120.07282224117108,-384.51238752284667,-458.3744112620434,-29.013288120215094,-301.71132169940995,-295.51769284431896,-285.38993769636016,-225.27399612196632,-244.67120507774632,-289.95341592409693,-52.95191814519029,-83.36535495834298,-54.328824588687354,-67.40998518376887,-121.93523276928255,-116.6681116014604,-116.87204402717754,-51.35125900293974,-152.90197664898483,-167.27785923056575,-251.0215883892448,-426.9477130855983,-546.1387949299772,-629.3093733412745,-802.4626703178528,-211.88702314152675,63.636180046294214,-15.957052508272625,-80.98358447002428,-339.4549257840065,-338.8072244770812,-415.47150636047127,-481.7362320917565,-375.94319192577234,-198.1531106290247,-305.1618219753005,-311.81674665703713,50.915194786587165,-231.64673356764388,-200.26198426255672,-212.3212768093269,-283.2161414816112,-231.4109706095548,-271.8238213650273,-31.919246991061158,-51.730180377332886,-71.13127462398873,-86.44721327471504,-109.50211806546247,-650.0155684292063,-377.3314769497843,-298.9118734670724,-130.15255078734964,-618.0512481428525,-613.5821068883249,-619.047550092306,-631.3746413712952,-625.4635694204126,-619.3948399803003,-608.5245531697608
original_firstorder_Median,-508.72706272462256,-490.74012661992003,-560.439504025642,-508.33427011136445,-448.6568335094482,-476.18680239479284,-476.18680239479284,-82.48792279443117,-12.962136338761354,37.626121455714326,-261.3438744596899,-282.57024319475573,-264.88160258220086,-240.1175057246241,-242.7708018165073,-614.2450082374751,-528.3271469058495,24.287248697454288,-183.27593758016266,-355.31670615457546,-6.238521969865815,-16.74261711926954,-1.7641920681575698,-485.6825694244262,-15.772595105121127,37.626121455714326,14.46317471633904,30.881020416450895,-46.649353467753116,-243.7606987162928,-265.1389887472112,49.992140027697246,-703.1850962203114,-431.0213862004788,-687.472240265103,-707.7075433828933,-580.0434901135832,-725.6944794875958,-596.1789891943961,-556.0471068651948,-502.26210992915185,-675.901300921038,-33.66017832450149,-65.97609105839044,-155.96947581016764,-127.10523010468984,-40.12486702484438,-51.709327903376675,-46.10035942947687,-36.56998997618334,-116.47277301800523,-181.3529416266466,-331.83543311797325,-414.8000215176306,-222.95194649394597,-660.1232386535742,-683.046077942843,-11.991176319837251,68.49558161247285,-15.301022285132234,-22.748175707045874,-29.367867637635783,-19.95338893433984,-16.54221452211783,-86.19536100063931,-42.94191526154506,-20.8314208845687,-50.3567916739612,339.00616515457796,24.135919377187406,-8.162761564707012,-160.5205140124482,-124.93966988552745,-266.11072920316207,-66.4223572341962,-721.4031069976231,-450.56174678964385,-388.0623806506917,-251.35872316447856,-79.84301860838377,-114.1386519277126,-139.42024598369287,-232.02126377815696,-227.0780128365462,-126.50467049969558,-432.70478503565755,-488.3764893274973,-5.371484389247399,-287.0621133046781,-261.6807694278216,-273.4209904141472,-212.50470875030413,-241.17138816717363,-290.63546245510537,-21.09325272439841,-84.80778755632619,-77.93145394529577,-31.022790620283246,-111.2865552786858,-108.80417080471457,-103.83940185677216,-30.99104168668495,-99.53112522388724,-164.244090723405,-250.71381656673557,-462.95768909127435,-560.5981450674753,-662.7402031211371,-852.3992569503087,-229.61149780643237,57.515588951356676,-3.7165614065998795,-37.642482550873126,-370.2820020630157,-367.7996175890445,-446.89696986470784,-536.0311966872193,-401.32760852832587,-213.48407274711658,-316.49168310561515,-314.2433160925273,95.65120097935045,-206.341534566007,-181.6569109649082,-159.59216021332986,-292.65367649249544,-221.49817680265534,-301.06561142968405,70.81099105144273,-13.646099302484714,-97.25747561561442,-123.40444611075148,-141.59364297693372,-746.3844387774943,-428.4388272656064,-270.05484584434606,-105.88173155232263,-700.8715640435687,-666.5132159569137,-675.6152923614749,-690.509599205302,-688.8546762226547,-682.2349842920648,-678.0976768354461
original_firstorder_Minimum,-818.7060233140976,-708.9359152615399,-758.0435951797893,-617.4485757190173,-652.1296847856656,-652.1296847856656,-653.7221891286006,-602.5886364365076,-867.813703232347,-308.37131043817163,-686.3128082627824,-661.5984829607105,-628.0576129078985,-643.9453934592304,-645.7107024093784,-492.3594866312548,-676.0425390431664,-275.5327989159033,-442.2138106075182,-694.9909322249209,-953.4707113887382,-953.4707113887382,-534.6008185931018,-647.1688550220073,-425.84458396810174,-378.66269541919536,-781.77883758587,-1019.9512214104533,-993.6718818290797,-677.9639966323338,-399.9583035550588,-451.8427674542338,-1009.3555549432863,-665.2240437888435,-854.3331636469452,-854.3331636469452,-718.9191322015691,-854.3331636469452,-718.9191322015691,-725.7793871069136,-676.0425390431664,-776.2552564650426,-762.4455490907467,-763.871693101903,-821.8229557817359,-704.5699642779985,-851.8365709926179,-800.3846592025345,-775.1859890408305,-565.4644582454778,-599.4262382257859,-854.526360557329,-653.9035406207919,-628.2420608870955,-478.7319009426027,-833.4544712909358,-857.1026426474913,-912.72133327755,-932.4264477091126,-953.8828627096167,-893.8556322878527,-936.7322254462556,-1078.8579375170746,-435.9336173561104,-387.5455581074383,-441.30632768970565,-421.03010554474395,-441.30632768970565,-175.97088624813273,-421.03010554474395,-382.0023903314404,-504.53616640955494,-504.53616640955494,-881.4526998126072,-409.6823455824896,-810.2527856072264,-565.5933078687517,-565.5933078687517,-733.3474062753452,-435.0760854929423,-371.9224256264945,-333.0297937759436,-388.59969084434556,-388.59969084434556,-372.885321311166,-616.411470362012,-615.3743650050067,-743.7875562334427,-867.0543404153365,-731.1928303391862,-736.4634940237223,-681.9748360907363,-661.7540267126335,-840.8526240615435,-461.6595732511521,-461.6595732511521,-481.13744738249557,-504.53616640955494,-504.53616640955494,-504.53616640955494,-504.53616640955494,-659.0811449779927,-481.13744738249557,-375.04885507117837,-348.4653673129686,-567.1359924208231,-632.3084140215954,-756.1178038104463,-809.1986528703192,-439.19565958466285,-530.2621223045967,-344.1777079971284,-290.1532006175408,-590.2893527263607,-688.0479851275192,-709.8988109462115,-830.2813076084633,-904.0705991919674,-774.4122725523815,-709.8988109462115,-1026.6914912031543,-358.17223646768934,-669.3038435692828,-616.411470362012,-812.9726234220898,-812.9726234220898,-698.3440627301528,-731.7549019324103,-665.9088953240611,-855.2666984452902,-427.67407617188917,-425.53554132346494,-481.13744738249557,-790.1557329798003,-630.2553692642364,-534.6008185931018,-434.93899102305545,-813.5009165666563,-886.1378455193402,-891.2830366983486,-869.8447401191471,-907.5761420985416,-885.2803136561722,-878.4200587508277
original_firstorder_Range,969.4375013012532,897.7794072245953,1027.1362264019388,709.8737989068335,489.0677090592706,634.6932754851093,840.3893880616066,1899.0097325698116,2812.0742061296014,732.1282287097235,1309.1449210482465,1114.5694525143176,329.4642403179753,1015.2407168291652,1186.6848359569626,644.6098232909255,693.8008164351268,385.3959867363707,549.7258074236852,878.0542898809881,1582.9905806218337,1581.2752234868337,482.918904325939,698.6286411780745,723.7526073241402,589.7426651548059,998.9140481586494,1275.6129941742463,1117.5829757321958,989.2686195925256,651.0913676165801,683.7357495930195,1183.0936591857,1273.6315073165915,645.5801410586952,1189.0649065232178,766.7116185653724,1119.2680616433563,864.7940071453457,831.810549038806,720.708374364146,704.2976871124813,1190.4499755633556,1407.9346915310855,1034.919212115919,1138.0027011457198,1048.8069839502514,994.9918680922129,845.8771412201535,1106.2393172657821,897.4775954369644,1316.625640209702,748.1250862088407,540.9371673599965,741.6670013517642,1026.8990825393148,1019.3646502060587,1654.661030223007,1987.0010312913723,1764.8952191580215,1675.4926879745058,1691.11643128813,1879.4071562061608,984.5760392164636,560.4741423533565,794.2702879301095,885.6812874454192,690.0098446323682,712.9670174389977,810.3006949751687,576.6678710704575,619.1540428255894,671.2331872043364,1332.7025127908953,547.8365128627212,832.1831764020154,524.6152283268334,526.3305854618336,1058.8277377003649,590.5105134172786,634.4126458779173,514.1277683284497,479.3826864551133,517.2955749270192,666.0538822234546,559.7800495943335,497.16951416683344,1597.3739714063854,1372.024060081926,917.4871754638036,1361.9104792178116,920.114397586151,916.3918991925584,1057.846838149078,881.2857361986156,1187.6847022935765,1468.8267392939115,1297.9188912285908,1273.615290518509,1358.6778930037954,1277.9552192167378,1283.4130254885922,583.3116081477431,442.08495193784995,251.99607495542375,335.3227059614188,224.22053128675884,518.0845710781479,421.4602179563682,610.0176065847422,2315.198178093447,1074.846556139625,439.4809947189126,754.5598182103315,881.2857361986156,905.2244040117805,1219.7371474481645,1736.8268207733254,1537.7841562958195,1552.0084998984985,1737.2027949797314,1162.7280825468335,1378.0054029893336,1387.4398672318337,1481.1418803352972,1615.8455292791982,841.9419313207059,1095.2341293068246,1158.4938253234122,1057.4868413467093,1277.0509332753372,1189.529088917867,1352.989004114907,712.0202027910815,770.7283832086089,325.89441886106613,1241.0922302990227,988.4599373984581,933.3648805773624,956.8004955477986,951.5925811099239,1010.6156114058371,950.7245953702782,1064.4307272638755
original_firstorder_RobustMeanAbsoluteDeviation,120.78501727135598,98.1985359150823,93.25462162458615,59.69083908668488,37.92351505221209,38.956498751195895,52.56164921791047,67.44051020235034,62.9134188045381,24.288075127986858,72.90397149498837,77.41000665290576,55.514488544009076,112.94656377014444,158.75069450527306,99.090391170654,123.30138245119355,59.91901237187377,69.05444631709113,191.63588480091533,85.560751558864,91.35120847432879,131.4525011242357,87.93574439034444,62.96043934691145,54.18828270648427,99.82412642586998,72.36370528154863,45.29975378805458,64.85535311510225,85.61514186526301,52.965365632033546,100.54082775033483,87.30063968724653,74.52671831476655,104.86188718648108,96.25272321333063,84.72875475538322,84.90789168807817,122.75115668419139,130.03164765563378,106.66405475535701,71.50141156333444,129.23426511288568,208.20078137684393,115.92363224640415,153.3603208791493,163.91396584433207,150.39953292507727,108.14237213215772,120.27335056869813,120.99523023253543,177.44982531336225,38.47877479461443,134.85754165909944,72.34320933216463,52.66897242117409,50.346468237712266,69.70861191206457,64.69276838395675,94.11106348093186,81.07428878263997,74.03492564009618,108.24689834747693,65.21802993235434,83.39469402924267,119.02345328868898,84.7280251879771,63.93483708538642,96.81659153659743,88.70404057250089,151.5789485208509,144.0076196877386,136.04494000002722,77.84025392482522,122.02351014813155,80.31510071417017,103.44531349921765,143.82311944529323,76.67529082993751,45.84584276031718,74.96724090154146,42.49731413400839,41.460505740184374,44.482638514738404,110.19050236868405,82.93026690071808,33.36794800356764,131.5795191171278,154.53525810964322,169.6057117243089,166.33196563350606,169.28197914372566,166.4382958880604,47.98228755041694,53.0892446362476,42.866300075815566,58.407218457715615,68.74971094426091,69.41241251275919,64.87980951219996,103.07454559658383,124.94171219774252,105.68726046593169,50.98111766684436,82.04922046123149,33.41141333639926,40.65997905635434,30.420733642458927,59.4307708698006,97.73638572057862,109.62553819232852,77.12085025991853,144.69462349522507,148.36905924909857,115.14851805084277,136.7585407719036,168.24867002422772,92.84737272798607,162.87365367735134,167.3105035451964,27.84974607383826,175.45074478380275,138.26697647433286,154.7478109175401,148.81418860120354,105.68870831828187,123.27954087697145,160.73602049853145,60.82424134977191,49.9479793275005,44.89917250622143,36.745245724098204,91.96769387903962,121.85342777059756,95.47105420859977,70.92157773497105,68.5771292950059,101.93344050880724,99.91438215731893,89.02379761405443,94.63273231428619,96.5750789028382,103.31756946122572
original_firstorder_RootMeanSquared,504.76988437854874,480.40974914584854,544.3904454752176,496.2480627006971,468.5338640306806,470.9740039998889,474.6828873436757,238.75025924089806,201.14542377378044,121.83514465008835,370.4438966884926,377.24108614625396,406.25227730793796,302.6617009008196,273.70350762723456,528.375948102436,511.4468526413474,123.03648908024994,231.86754690236828,438.43747316139064,195.64224047866588,208.20921079372442,251.6140526367222,481.5262884229601,151.77176004372458,138.5521462005789,178.4107723244061,198.69210335126525,196.25310814674637,318.49351983161745,325.8174480888178,152.8583236680149,665.4730436917987,401.78073201251357,669.3763555842503,662.279113561186,559.7924861923107,673.885914230934,577.1535254760913,541.5066028121997,497.17388554275544,621.0654710761947,218.75854892077012,226.26731799148104,326.87434583210626,291.04698417923754,264.13556721369014,272.8518777305237,304.4918402971202,232.08826768589358,300.70543173092193,328.27589277040624,389.8006189837116,436.67499292762795,286.66432574540704,635.7636739063284,664.6570899012349,180.77331985777096,175.9548499484501,181.60856351992865,204.06900137883173,208.45697004168647,230.5412085902982,207.91271210866472,198.9712023244554,238.0562288029035,220.5976333136963,231.24969487277173,-71.33319747380773,196.6579645084641,174.70148820680865,272.99224352760666,262.0404083405041,393.87051328200835,212.6500142399115,639.6623985321685,428.813537036832,393.16028639643133,327.75298858430955,161.64103897878613,166.78882771280365,193.13445771980952,221.68674701048542,219.23561409064314,169.61774928527996,434.4011700039066,489.86668096331084,154.93090313503862,393.3517214177769,394.77299317755114,405.43604675798224,337.0027198194152,349.7136865276821,383.6760350856691,151.80355219005517,199.39249959845048,202.25457348432596,179.82079452689416,221.57677832000718,225.6929507827503,215.7582345820264,210.59469904533555,250.6464283893498,221.0655012345571,269.9246426383137,447.89231568215286,560.8612332693015,631.5382958977787,776.3148634011985,298.76926605051915,298.1642222285882,222.4348226428553,157.24430130507665,394.4746320242141,393.3646219137143,463.3688133857012,528.4550113947256,468.487665977544,284.0652210092003,405.7234443613261,407.2136107863143,67.8403858584781,401.2288979204264,345.19446518900594,333.61117873478946,399.77222239273175,301.75187775201346,364.49000226091454,199.72575626230199,196.70564509332505,164.73337844224253,176.1439569823953,201.59287032803547,664.7657296652051,430.16149751899263,327.02639179884335,230.09512619854996,637.2126750041541,642.3865854519095,649.3146832871762,660.9352803393518,657.2253047279795,651.5207519687696,646.3656335087921
original_firstorder_Skewness,0.6771149780033029,0.9139384886539372,1.3807890722437244,1.432816131037068,1.208456195343488,1.785128801274258,1.48007547912572,2.6988372221945554,3.8057798744711997,0.1320198302452275,1.1276616189467927,0.6643737766889646,1.280789393018558,-0.31335602675278706,-1.0397151405978005,1.4618888978100009,1.064482993226735,-0.6585477569509206,0.06053900328815892,0.04836284541600078,-0.9949641138326815,-0.9704133913201782,-0.9473687962190795,0.927482859077153,-0.6376180335455957,-1.1074718285414404,-0.8522383528531674,-1.6932409419325902,-1.8358248838142421,-0.3504690543186165,0.5250093866907206,-1.4494813403061984,0.9411799941962371,0.7786368413389906,0.5773731065490821,1.7521861738262023,1.5384673384982084,2.093510299602449,1.982944912453187,1.2745134660055064,0.9521956497839282,1.01275845365109,-0.3889610971667238,-0.2552426010715806,-0.2179967611468865,-0.04107562786103913,-0.7425494356985038,-0.6323362007368091,-0.9376797655955107,-0.7711244603466509,-0.4922322465666187,-0.01757247135203227,0.21015499306600186,0.8892128707729746,0.31295481272938985,1.6986410564819088,2.000923990571458,-0.7411768920216022,-1.7420590008989254,-1.6789756597229657,-0.40986233471657807,-1.7283721403488956,-2.1238043504542095,0.2181435714406788,-0.3641803789751592,-0.47418218991985284,0.13089272180665842,-0.5129815341220716,-1.3358601053469323,-0.3819815911891029,-0.6301606278455552,-0.09953744837497236,-0.16710086559522297,0.857311840410136,-0.5211219927276608,1.252217862390678,0.8418444798683657,0.5395658937420887,-0.1935628674423151,-0.2507132694166456,0.3717072480121786,0.20198640681641777,0.6505451681509251,0.6959789678548719,0.6663182769117344,0.5926584652475535,0.8163307265643409,-1.4092916538164997,0.04237833022971571,-0.09096434858609748,0.07032452639143938,-0.09723111539483992,-0.03946849330655933,-0.03551689700315641,-1.741071539849399,1.2413681761776887,1.2451181579196713,-0.9121978262735471,0.4813414325238963,0.7850838289867919,0.40006828652330917,-0.2395814105556615,-0.5163510209146429,0.11419927339793204,0.3724600061107357,0.529678045225152,1.0456703312755486,1.1657131470711803,2.2234243458180707,0.6455231182917787,2.2068838345320017,0.40443454143567215,-0.504194277489465,0.7308355040562836,0.6582865799984854,0.7076160503902127,0.7760249071526691,0.5559366499939357,1.2329327085492685,0.6236197196461452,0.2905951283574258,-0.6975238653722,0.8611380079900843,1.0180549086830186,-0.6177488026719167,0.10103796472738222,-0.19385958673329218,0.3240791290762831,-0.6359975393297278,-1.4271102729933276,1.1539911208845477,1.6695098822354042,1.9157435816628559,1.4456482228614504,0.7572069705327105,-0.4357489102541173,1.3685198056682588,1.9172554016993748,1.4276459566185373,1.5470592687413076,1.8503470516135214,1.8324393911557915,1.7332280868011207,1.826751615232716
original_firstorder_TotalEnergy,305553826.03130525,235452385.53821698,296919965.09666127,100786863.72163698,289388096.41205513,313194051.78013957,287678244.8170914,247486099.49261582,453896456.67347914,156366283.87068474,1037300512.2108753,986822562.4157463,58370340.43748659,-156540717.18675494,-179343084.02318686,-370325771.20694447,80837210.91791254,-113073114.64282829,106274307.00581503,101211800.98325852,1339658175.852706,1463360829.8942122,32352623.207356453,192881804.37898004,142294703.5748492,118055986.0792101,48413329.953501284,522473983.5935403,909677070.6017015,564959835.4397091,285997315.4968742,647751803.449492,551439279.9536018,-21616533.469129205,251629001.87333918,337736337.7949841,106250197.33016312,430772151.2039475,113505835.88327828,252576687.65798736,54897427.28564924,136672628.8518056,607789045.214571,373219201.6411622,1119073858.9422646,810502494.3048742,1408762918.7513943,1029403330.8104388,876517748.2721837,207439236.27055442,174722918.9855782,169362917.96197942,-44211529.32624906,-81331498.17278612,-88655798.51030606,753421962.3509912,1274287376.3958888,435144179.35895014,326500317.0549921,255722638.2308905,286915874.24326336,340405952.40654993,745914347.7324145,34404977.875896156,159475122.10219434,211224886.8705652,265800167.9428501,184056382.17905203,288046018.5465964,190812656.20283195,-344496647.7611271,2889403.423768878,10090045.029295862,197008617.3759172,167095567.41305134,386902886.6337522,128825239.63951418,107517987.41467008,480690820.94156176,-10412996.964672685,127223793.45506334,-10836211.384608448,151792679.42938185,167156812.8702591,131377800.28288963,47327129.70808798,29058747.24738753,516266820.60245436,583581530.5137374,671836574.701036,834615804.1970377,699495354.9410715,695108684.1473866,755334433.7574538,62820758.51056403,109232706.0497219,174407200.2279964,115537624.96519911,102895446.11271846,105557188.85147944,109568648.99756387,505762041.16268665,27597447.042356074,-22913194.89929551,-27996449.133192778,-27145210.99409938,-24080607.79107648,143936885.6511828,167159572.06257138,115062315.02793044,168671623.3181839,6367346.239175141,-17888417.949694514,109086741.17801502,104056139.87173125,514231060.90915966,424802781.2514182,733072651.3174427,178031959.03453073,607185984.0704689,602329327.4590495,77123794.77274376,119401346.5324353,80159112.9249413,356889016.25846046,378802818.6800169,136917415.16618022,399886314.7307457,1150913799.9544153,263942076.77674568,26404376.109336853,31588048.72190553,39523875.96070373,1714923893.6600962,938512093.1587225,82631725.29781923,48702668.50278902,1019243214.4324658,1224233154.7361164,1241314971.9616222,1352792517.3677776,1122341944.9839795,1063138880.9126564,805444870.3665688
original_firstorder_Uniformity,0.051101037377300706,0.06213808269259541,0.06796217319167569,0.08319973515716941,0.11939616922094802,0.11767873101486404,0.1362117656654443,0.07301726567776447,0.0772518544244613,0.14651276232202132,0.07952224349351761,0.08106928136882555,0.14125992548653993,0.0538894574668064,0.04293174846978355,0.059375975210291865,0.06339475226410773,0.09015076186055396,0.10414488532104707,0.019470458913554547,0.06788552815946597,0.06463341524739089,0.11686345070130058,0.12058859608803572,0.08424194666526401,0.1211787217813397,0.09507197818743074,0.1289602939983371,0.1423055144076929,0.12528933255320984,0.07731784072658311,0.1322044563638041,0.04000954957386778,0.06866306290501557,0.08190060801176953,0.08543403346662096,0.06748327143952365,0.0870150008986092,0.08404096868633992,0.05709408935550711,0.05629353681363472,0.055509715351849884,0.09744511897633656,0.0714452574148603,0.04958658256282458,0.08238249958465542,0.08109979286824513,0.0756920974165865,0.10492060395498239,0.07803656831010232,0.06678180262926406,0.0593462289109863,0.03233470085453685,0.1256195595191079,0.04365183761979646,0.10859144073190985,0.14532737940219875,0.09052161396526473,0.060470977294540276,0.07826443737024219,0.04914473183492121,0.06133770001208449,0.05303383905804432,0.046650730780650254,0.0776315570717899,0.06704255841205424,0.04487517845605835,0.06999872572223757,0.07037009768320249,0.053037631546246716,0.103120417158328,0.04926382479954882,0.050003195181831314,0.03659642049149092,0.08155515270519234,0.0649878978864111,0.07820081397548335,0.06637265236807577,0.04870909559491396,0.07655041098243491,0.0967349393558881,0.06596324556776975,0.10395559844306332,0.10530511752225934,0.09824072517767668,0.06955060807966412,0.1004049507672842,0.16146742226789135,0.0648386532896269,0.04907739788837315,0.0447186437139857,0.04102729088785573,0.04263033714165066,0.038451390189095803,0.1379205730376748,0.08401148224187503,0.09130131306565868,0.10548832996646124,0.06973034139300505,0.07038634840210574,0.0729478019958678,0.03888046642615349,0.06875587004062331,0.06551446065753261,0.11515205428635827,0.14899594301472482,0.20747451359152308,0.16255072012820304,0.19300002938617813,0.0946304092245624,0.04446805647135523,0.048746579731769143,0.10960377569183297,0.04294021815558761,0.042058872347387595,0.05349272320586743,0.04926418797425759,0.044702004474090486,0.06279734854500782,0.03982352028601889,0.04076575774728803,0.1550366068342776,0.058323331307661014,0.05373767067447385,0.0491968789710988,0.04850731194332249,0.05338517373766199,0.04780619996296283,0.04492097134716036,0.09721727676649163,0.10022259626380921,0.109198805817323,0.12176265754240023,0.09729293929810073,0.07160943330892283,0.058207106760715305,0.07040227205396181,0.06463791919809557,0.06799998206124226,0.07171107338586148,0.08510035651929207,0.08270392080614423,0.07955392976334778,0.07580295582693558
original_firstorder_Variance,43329.61538795223,33693.72939488826,39181.842111084916,17653.492796873903,7006.379660199884,9392.562879381196,11521.621976041839,26292.551999901334,30609.204504063622,5601.917438756849,19472.605417942024,29216.09464549299,4531.298698631916,40348.08714177255,71761.01771011994,33140.452187560884,38205.25743451893,3015.031235756138,14117.079205636506,78525.31136898605,33339.36934043397,35796.481437785056,40649.1533588225,28637.283068619345,13321.967091735864,11090.424190745533,22691.702746467527,28464.45497722499,16309.497545749622,25959.426380905214,28187.46881063195,14656.5955542472,34373.98009433381,40428.91544848238,17171.987857899065,51893.79266519373,33155.14956172386,46598.94814957065,42753.74282730209,49135.3542759311,40584.14280612399,37408.9988009307,23854.348112976255,45320.72279989457,73709.02682217644,42202.66186783856,57514.36915709185,59377.651887963264,55515.96979873374,33243.18378595102,39681.33989470642,42423.33976795377,62915.013483204486,-575.4197434883099,36066.31797378567,47385.12350375235,27412.73209198293,17891.397853796938,26638.279594377793,20224.790326403752,30182.00000957828,33793.41484829593,36165.80451767735,30409.164665288416,16886.20422412699,25878.843149914857,38551.03402487741,24578.39645575617,16530.246578383874,28606.681560815774,25214.812693307977,40670.54587535435,41948.766900412775,45050.5669768385,19852.698299445736,47915.77460338115,17270.25682142376,23103.50604503072,51871.34028155389,11734.91017951585,8942.958994649907,13101.279017605208,10043.959826741684,10163.554488554226,8574.801185492848,28123.46678418355,18849.576245356588,9672.67112958567,52324.51340420988,55788.65254043018,65022.95148487681,58221.61599153256,58217.65529628108,59953.899019942226,10806.934750311768,28534.312827009486,23676.99206467723,20694.524960561088,34172.784339429665,37666.87687967022,32066.45657610594,37494.35837696443,30684.79376708893,19579.897727983793,4218.558822249113,10912.98161112997,2566.74946651782,7276.149461876841,8938.595387910715,13807.128041373944,64086.35263721201,36995.64901467618,12052.170986631107,48115.83162126993,47443.16995691502,40808.49812556717,53031.887155457254,68239.05028292278,31071.655179632355,69215.03155312387,66302.04442448409,10128.289242278897,83460.4914484656,62933.277066086834,59112.031275511894,61820.13995323418,32066.226838994753,47272.24317802834,59343.96646338158,27793.63823600119,9393.887980809654,11620.81620954299,17750.17236065529,38515.26515392259,38409.757382808915,15574.523920113665,33058.42849299117,28661.926675173134,33333.35033943218,36894.86106338986,36083.219573550945,40664.689755073196,41052.138866013294,52834.04332187289
original_glcm_Autocorrelation,399.3653315114491,211.94396193333458,202.2911650734919,111.23911824214565,152.67725500120434,138.92419273550058,141.96924332110308,578.9496587928562,1404.406428680841,196.3734221636314,377.79690879502823,404.3632854290763,283.15188973386614,473.6870332660607,692.2536064433255,-174.5084555938172,130.15052027928692,181.18166371457022,157.85272149358508,390.99482468304564,1323.8726921069633,1300.892059870424,429.08695415064915,20.067411898627313,281.4043921172659,259.9305486034733,952.7199107122888,1895.5579154171173,1580.9975792732155,486.40324633490883,-127.98554732742559,389.4028060639288,368.14840385703394,302.9164579193157,137.21162967370856,201.92850950913842,96.23531153146007,188.21213025792986,104.635813839234,163.6815298495568,134.4061972948386,160.7999205670073,871.6993156576544,1094.9127209732412,792.271930768509,641.5607741365776,1082.0509830634533,883.7109134433376,794.1637120662103,423.4758445288358,397.88258104042467,883.0638597502058,301.3232707260891,135.18058989481614,206.8783077541851,173.7581260658601,142.40870002261323,1533.5571447102118,1635.004344256824,1571.1880065077696,1454.2217318784383,1515.4094032519072,1982.8878220891738,376.5157474839806,164.67410198419958,280.0070620116393,315.6277894970583,253.2642288867177,489.6350066735207,331.03881989229626,325.4113282762246,236.33310454447965,260.5133372686631,980.3339351929314,195.84892355036513,142.28422964250967,108.94123883958486,145.6451709429124,608.7385543256476,256.7562574171826,136.94834191360434,91.03138729938166,54.63703943952771,57.85211300997565,121.59102182228003,221.15421917435657,134.66270484747025,999.3692865316422,921.5920757327948,505.9817388895261,604.3760231876975,533.0465409326924,457.85610692999785,788.5150786561542,339.57824213666123,301.37928385632324,357.68606815519394,390.47641847988587,309.1329031209102,320.03468652900716,316.2270414283391,872.4336775683153,272.49860505249484,130.07658193183585,43.05209399535505,52.466447838634565,30.146826881861557,76.93290734031012,8.77522923294913,-29.090986265850518,736.7274800790171,267.06462451934044,123.55971575319012,169.95443544022663,291.0301471270618,250.91655760069298,380.6344584346951,776.7320032454718,720.2984300970363,440.961305066087,1292.7312263605177,317.06370508176917,430.0425181312067,368.9920200978812,792.050412802068,656.7931237691204,506.99166003083263,589.2165692396056,900.6545863862821,1263.3444879417555,252.75179793905332,231.41288896356522,271.14909304091833,144.66543765074323,195.1119884355005,145.0115533200389,227.86859091331172,-81.57241504905085,175.22746840608312,190.0945692318342,156.89617682916048,187.93560172501833,173.31696251359307,200.26098661042667
original_glcm_ClusterProminence,148987.52973208987,103692.579420747,157569.76469950555,21488.62326996494,48476.912536359596,53123.238047282546,53899.39291485313,305544.37297717837,790866.4199804396,37928.06248229521,-7284.142331548443,147235.98776801533,-183877.99289530906,222540.23443294768,614550.6848185181,145325.83995408175,117004.98273215268,-73554.77669953852,38003.45659936423,219501.02206715057,225180.4656093418,288215.1695516828,80066.42447889573,-7150.66566708099,39841.45274103439,37881.08534480052,-36018.25201162565,107306.39651230328,102504.3581382349,148043.41243118054,144538.46176301924,47231.46091390774,135460.79200893838,403830.19456704764,44620.0571336798,393073.98261411616,131747.62480467212,456138.5642590578,302816.8019443945,182475.6308215468,92560.99946688097,96807.17423437064,130858.12336940486,181417.8921639453,208791.18730448684,199714.8997520879,188337.19382271107,188909.31223589377,165427.49720430886,88907.60921329906,139562.3572779923,159394.21258140524,71137.36070363643,-250526.472271254,-16390.03082467895,531020.9611119572,286387.3419333303,97736.40247802681,301940.30156168365,166398.8893518419,146019.72658985454,448177.49069153384,680614.7377155336,62946.4895406702,86099.65905321593,103064.44410444012,105351.05846765205,97019.81705510753,66931.31635497292,68878.26808430826,87694.22617277317,70415.3925962985,80415.15641893558,183316.98888137465,88946.0867950473,189160.7815322428,-15202.981357415236,-3614.6931927331316,230977.87154347944,32018.490924147947,37907.33123538643,31423.17014899099,79898.28311701263,80198.17342349839,38754.0960583284,24907.899076610833,-15649.032662915619,40474.57857013597,226153.39476820058,202532.3247710403,250690.7424100855,176806.47070146678,172755.671588467,189279.58701717595,37735.15380409107,152638.619287132,179495.92576078844,69078.74249285102,110672.51934394383,158668.12879080235,110922.23848837888,324416.5743841304,31228.829437839246,36155.63332755669,26849.021938879945,26955.057197293238,26535.423095152684,34836.33880246748,79557.7815527922,91112.51394884949,1129244.7906011036,96893.87919276266,30757.585856152713,112320.76572491165,104245.6948281953,129524.00553843507,210713.42576158725,345237.0148455952,176636.3886984452,338057.46781049285,261658.13265752752,-13982.85567728756,653689.1810143037,421297.76795369544,210755.16571481203,310381.5828524017,78599.96371329692,294518.154904037,322595.1407797806,94765.45485589534,32949.59318151296,53660.46739599481,113591.64063167523,272642.0875410328,53391.0982530833,782.2150027807802,309782.5851988754,206786.74473885604,129938.22380179394,171929.72077713595,216052.59790777834,254637.42161343578,238522.41954980086,421129.56142276956
original_glcm_ClusterShade,1433.6844965478795,1461.6920376876978,2810.7224371130405,2290.2101710132238,996.1883436636426,1236.2402355584761,1101.6426040069514,4429.369292400839,8250.040662633006,59.03333767997026,-1946.365557835876,622.7308017725322,-5444.329532845618,2354.2701651321363,8579.650773254934,5061.540801761797,1874.7168748544661,-1332.5875948776368,-144.15229950943876,328.8368966161676,-3885.2193604004824,-4945.424367521124,-1764.9950850376365,1216.859638091163,-342.14070006232964,-388.13995867580184,-2355.361527534049,-2480.5861427384325,37.19246596366156,1075.6233044972848,1163.1168531033134,-831.8460174666109,3319.719865454762,7682.866730891371,110.50424878410467,7195.56563207014,2566.2029429649565,8797.177009699684,6325.170195865068,3246.0836863085387,1018.359751933082,2988.2802800409772,-1076.2275799407396,-1895.7800566829776,-3776.3783224422186,-1485.7392321341902,-4329.560432700541,-4332.569568183064,-3541.1108628870506,-1821.544149168358,-886.3187967347831,-241.39428172341286,-843.3445627555857,-85.34974526201916,-546.0896775981244,8201.741534386862,4770.944887678221,-557.7778304062124,-5430.2922610336045,-2145.348791458043,-1019.3563959770468,-5842.758243458809,-7771.504792897209,204.77629772584783,756.4432585646089,348.15851370351265,435.71020209530354,329.5444461225584,-196.04492160302493,-376.2215035708052,-1071.4068541926392,-908.5967326645798,-1129.8990191496518,260.8338320862714,508.44547904633646,3340.895221544698,1203.7285320211836,939.8360466411075,-753.2665790520641,-242.92647177987214,97.6452814046122,16.588484095098806,1054.5899163882361,1052.635464815249,185.22584399167692,728.5093532718256,666.5418176533742,-384.35536227236366,-223.55957090310312,-1254.1029397623995,-1455.8774549781062,-1481.7083127506737,-1622.0304720407514,-1297.436514393513,-478.7327897000848,2195.805214737029,3575.831916359837,-815.9838996315748,670.3861115008857,1615.2706387471205,694.2284758866327,449.5230217000802,-251.59310894266468,-262.9582069969508,-11.406495930381311,-21.56559703287894,-16.826573278968908,45.44232553143354,1090.7055034213395,1889.942230694357,11048.262039622698,309.0137417968914,-273.0874361259573,1111.3825673482731,791.3333797073494,1535.9203915936373,2116.57338357566,768.7579644852372,2168.635171392347,1657.7721127180303,-918.2280798438569,-200.00784768183485,5747.066417638563,5786.672536320395,-882.4623017145263,2491.229213849818,-709.1272920434656,2672.004044455706,-5097.942995942488,-1875.0406865117582,1521.6119880125402,2031.0305050862983,2922.592631411778,6819.276753285387,989.5606611086437,653.5103021399084,4044.1505096858837,5466.760900562489,2454.4909752792014,3428.515109694483,4375.436505765194,5030.051518148057,4834.2410692992735,7942.466470245714
original_glcm_ClusterTendency,227.7241309321234,163.34672590084824,180.04017696390207,81.98281022011335,27.79238603296173,35.18880672610811,36.19240776988805,137.52838505260945,162.85241276679642,22.71214159274996,78.66048825337613,121.13015505618206,-0.4264128074530902,183.08958253295654,357.74756342625875,201.3168793845109,212.61905546271785,-15.528535947478161,45.5655621361002,334.40476791878325,177.48252818815027,203.01542648949163,141.86920738703284,78.36852495035981,43.11208711907146,31.18103543259005,55.57177518182624,100.63920418355474,65.32421120408485,119.49062961249332,127.49805703029494,46.30420114411011,176.56292064105926,174.5935800764223,65.02441770105467,246.77764951230202,157.2393365688796,256.1574168735603,242.2649128702596,260.09065852976914,190.39986086578085,188.98962429659565,70.56408771846206,166.27897650403787,316.5904307098013,172.2398587738194,223.82092315861627,236.21958727840723,211.76182699507558,126.29484435268955,161.18206189001077,181.17852183058235,257.45356090409314,-27.385507382934094,142.20464773504042,276.92772049761174,160.70565659395183,78.30298815567194,98.60187511642019,83.95098471563864,138.1727351498683,159.3527713245213,193.87719712153506,124.1102986494866,72.19758605767964,107.72993132879978,185.3620947847669,97.60499128407746,64.08691168424835,119.28483439526259,74.3260409361982,160.4963903190685,161.02968593063687,197.13213923400411,79.39770707133528,216.8555189136136,68.98776947582793,98.96724525932709,240.01754317932804,47.71624947609254,37.89848762155704,44.355000157441125,42.46637750472337,43.61379147004233,33.69651175907197,142.7229606267911,74.13008670520246,33.355028551611056,212.11613473615472,249.9988559182658,298.82783335924444,274.42646285190034,274.8952943770077,286.1744729007753,36.63958380734179,122.20108367464736,100.62056144518645,73.95962984405912,121.54821245921892,144.06311203794175,118.15288561478552,217.71202563416836,106.27524236991283,71.89404790435928,11.323830840768352,11.781259299423823,1.46583851846853,16.97456039731253,39.54471419417649,83.96441584837372,255.41964264847206,140.81963237132325,34.92331122934094,215.00263705580886,202.84506750494342,187.3528186268833,254.07774124368996,333.98874606408725,135.16770558146678,303.75613851236955,285.70295570862066,16.568258377261287,370.80124009898367,245.74442748149232,231.07384012629132,273.3855312115416,125.79051905188551,276.58477560774566,296.912753183304,102.89587087047292,32.51658499649517,40.75558075370684,60.15558336059571,282.30432814535686,204.4538839589713,54.43015336809782,151.97189358994018,203.5158084365563,185.06146726470462,204.48475398453502,207.8577223601518,232.0701185068464,236.39146678056576,320.72293923811577
original_glcm_Contrast,62.610118295259696,59.539406920543655,66.45277352380533,30.783966720102207,13.882420498771161,21.361480513556167,17.673082012577993,29.088661838141604,26.1424927313739,0.9899766986818861,26.955552692488652,32.88376954777218,12.702442990367743,50.918040976237656,114.40631983540706,75.57522730017236,83.56052047725595,20.92701638879203,30.619423950383474,117.43931868299165,11.094816977610158,11.639663267705345,49.854986872933324,40.78325243364924,18.4768198139006,13.482890946028796,30.090253350446073,19.536748572142443,14.27904476545202,34.526102482129275,39.29889727451761,7.1266096967327,64.45901182724666,91.80905237209521,45.62350318600317,97.16984166218815,75.20549662633647,82.62371073255021,68.98631025642175,76.73518502681863,78.40721096403287,89.20242540874192,31.856093916637555,50.71308480326055,73.89563829239053,35.288354408554085,45.28730174678039,47.807125946702186,50.088286957061555,28.21997682576219,51.862276376347154,53.75780419146921,112.22060576877057,14.048834258808256,71.8170505324777,39.379511263879834,28.211721548641144,16.478775040218014,26.531691751744543,19.111502807871762,28.270316359565275,25.735660924202502,19.398155373087512,34.32974051722981,17.798184119603206,27.866298435414528,32.6200559105004,30.15208335146248,1.1865488391191406,19.740939290097195,22.44423795847427,57.047471896444904,50.17379760457031,68.89467586871712,32.05023013792191,85.94004171939974,33.415304108136674,47.88506666903405,92.56729323562674,17.54280587185478,15.098170647802803,32.86496916367784,16.366131293210515,14.248874028742947,9.05704158751454,47.994635633340465,58.191914943170254,10.325588005703125,83.4526387808186,78.37827012390991,93.80841285502264,76.05718211144638,75.20852284737194,76.29841621968781,11.986744344781698,26.46240046581061,20.0034149290235,17.823670704580724,34.71463899242398,38.447094538400876,33.44938467605424,54.36319798326007,54.10383669677397,40.60104557744419,16.922437895909408,34.648677365462746,6.270726716546413,19.5269264944941,20.722114927639424,11.693811636090814,111.8093233821761,48.36665163833854,18.1922881392908,108.78321105220084,102.5335697713806,88.99515622004765,99.29520686873224,85.39301547067672,57.738178040583,113.02993459137423,89.25620208077959,5.6700042527376056,112.62106240782205,116.4358171048879,94.18631281352945,91.87380335277683,63.40101386334835,47.85486040167986,36.86178899446049,25.74845027583277,10.737218894921185,13.585412181595707,21.078558449622992,66.0655868936521,67.18137339135745,42.43571454225855,31.799802879982643,69.5623528636292,55.69678939378513,55.131811174486664,56.27474832096955,66.52029093309972,65.07144042002113,85.70819503111264
original_glcm_Correlation,0.5614507747209849,0.44594951286219203,0.4415604117839723,0.4323885369984351,0.32867040786259466,0.24782752094674138,0.31494965615603326,0.6902871448180994,0.7170146685844805,0.6843177702717755,0.5496192167966837,0.5869258868983069,0.2312446727148852,0.5443147437344426,0.43669194901510605,0.4009831895434325,0.4400851635176203,0.20352920202973562,0.16766556120725268,0.380188129049955,0.7702718770129707,0.7827806909195376,0.4216071657691823,0.40627349996880946,0.36307841437340305,0.34686349709496794,0.441240151488249,0.6439349159293839,0.682034549441401,0.5183789135938905,0.46471154965266,0.6413593128969647,0.3924160377120213,0.4796373762281694,0.16053784002861554,0.3969804161869315,0.35784752334312586,0.47515180009968044,0.5129498498977864,0.5207671067491473,0.4210182413239108,0.25997805390038353,0.4493230370295265,0.48294256783286965,0.5828382142387158,0.5589716549226961,0.6164443606350496,0.6170285586342914,0.5651052703622542,0.6133685143893738,0.49051036246223556,0.5384047078270955,0.3033734396298039,0.2932353702230961,0.3071559460548662,0.6726345592144528,0.6566980824947692,0.6321033054551235,0.58170684945467,0.6094116089171658,0.6245833327927258,0.6742173665805402,0.8093474882076257,0.5484385470193276,0.6244810131918209,0.5973748112329158,0.6992987575297811,0.5043132365483701,0.8163808235165166,0.6957677258518365,0.4836695807710198,0.4699458981690148,0.5112290210239602,0.4261874182491044,0.34253866503916586,0.3845492189844653,0.38448604772514905,0.3647782874010734,0.4350181240652156,0.49610889211802783,0.39093019466547424,0.24604224017697962,0.3176120652065134,0.4301612801949472,0.49418523808166714,0.44022133981928674,0.20348609613773316,0.572314568831136,0.34890252447216047,0.5109043106742965,0.5120269180893691,0.5617026193143178,0.5661962707695606,0.5763237400211116,0.5479757571921655,0.6119568828964308,0.6383753348885346,0.599460109447113,0.538455702846133,0.5526282267213904,0.5386821227807503,0.5332450876949604,0.26913013555216037,0.32749991809784856,0.0667164023760905,-0.21504279249180153,-0.03154437209965394,-0.030102077651882386,0.02341795323626783,0.5906160631916099,0.3938171818112362,0.4817152736377478,0.3842735839027842,0.35478564567973997,0.3568258074755889,0.3429521103395109,0.40966353787503373,0.6043179698004073,0.32331025051963924,0.4431450334633519,0.5151227141780236,0.5761452805023244,0.43873715418532977,0.3042976276170097,0.3895945380202115,0.49099422281921073,0.29898590263627667,0.7346390572685557,0.6364051350443892,0.5814754437100191,0.5625662229359768,0.5426952457667942,0.4884089234962067,0.5706104095762585,0.44170847704017124,0.20644240259715074,0.6197869370802467,0.4426657328917656,0.5209756821582802,0.5505306541354353,0.549347776977527,0.5315926609740229,0.5452590916840968,0.5496111939388035
original_glcm_DifferenceAverage,5.842812827631049,5.726826096336412,5.769878205718772,4.053442729676515,2.8640193640086533,3.2236604176305326,3.0668252002320227,2.955674597606391,2.2937118032099306,1.3070656904144808,3.506646361941115,3.857426688800995,2.529490333819754,4.923506690660198,7.674892126671272,6.534923004201361,6.941332399244345,3.16037967556539,4.2693479911638095,8.08233588935209,2.200368818365927,2.2920183067466913,4.411260831715597,3.9431830532446885,3.1160072888275865,2.4998827749041492,3.3246220322217637,2.447342368729105,2.0607243214802162,3.3058190383641763,3.9996044414970577,1.7441195328035204,6.114883024433224,6.302702829529631,5.166207848580143,6.889795777400376,6.395134149170315,6.117614486994008,5.699214391721264,6.342272429767371,6.6367260880293095,6.996351507043318,3.2901479674704026,4.328266693007473,5.670252413836447,3.6701063494642394,3.931902843931854,4.142560675391456,4.1465716168671145,3.4771397802642676,4.964639274747281,5.1391317471281175,8.072495744785698,2.865884997034045,6.369330331186878,3.73437752512688,3.0782587448780703,2.390512239108163,3.0950619205977397,2.66994766225604,3.4526284858342255,3.1335926874576505,2.8387549892583586,3.9496617268801995,2.67740534904868,3.410021302153303,3.789347612223255,3.6954690223084823,1.475818985999413,3.1067294011419597,2.914057551167919,5.381156884248261,4.953757694930431,6.189753841274766,3.8153713951128667,6.780513758672074,4.280212828908581,5.098463239504246,6.719802064164233,2.9178874385400073,2.922875298297417,4.328386631685795,2.7485305931475716,2.4741647120656554,2.3377675910399565,5.317495736096798,5.914773194420475,1.8161828417652135,6.3052706993368774,6.103134842449511,6.750781246599745,5.914408393219068,5.975298382722933,5.976229387780063,1.894855820435171,3.109896766666639,2.7531955171311524,2.333985512077518,3.6940039714538164,3.8949051306339806,3.584952837391623,5.053601827512645,5.145389037157054,4.886423003371723,3.4468916247247465,4.703359923274636,1.7780399426418012,3.3971406173409493,3.0289839266065437,2.691514181420462,6.883206323278097,4.582752469797751,2.75140210149229,8.02461357004454,7.96893674386469,7.085020565163399,7.7594913166252315,6.489595082346449,5.619038998339222,7.311668246713836,6.576763004251526,1.5220860617775118,6.938495351042765,7.366568137247162,6.832482624122402,7.0029029982570545,5.897202476973368,4.801627868615024,4.326589494572325,2.7581966925730024,2.1906714127647233,2.3851184047933867,2.7186517532157315,5.60188407640986,5.870155683615629,5.09403366478106,3.7808503054299556,6.25285307696061,5.405539576428496,5.2149091356047395,5.033356126591985,5.502180724764809,5.510695038047259,6.219484896189005
original_glcm_DifferenceEntropy,3.8920960761734533,3.8338192728508176,3.861237196946685,3.5652196502687765,2.9251526455346566,3.202745209586716,3.026275494618564,2.947470540247348,2.671842561116785,2.151899454044749,3.15803875852586,3.3283358415431787,2.5989192229808875,3.659400850594877,4.273297841886048,3.8823957528206474,4.001628789890707,2.958034948726868,3.062482530821876,4.4301917475223735,2.89812065880768,2.949364234234064,3.4756065160939955,2.8776714295251336,3.0915817290641305,2.870945939019092,3.0503938643663484,2.8021149964423038,2.4474204258484753,2.852664492047317,3.243697712795466,2.438314897734549,4.006047042205404,3.8669289235522655,3.5242088236957483,3.9783217599655725,3.922483012212976,3.9159856925536625,3.7625502823057544,3.97835831557396,3.9710963182348813,4.176134094965928,3.0957873544722934,3.3997767506318013,3.8734729509870394,3.23261240202557,3.3928972550540974,3.470592233683691,3.3420230258007186,3.285813095484645,3.69255025753318,3.723599001212089,4.374561629978157,2.817763301954344,3.9702604280528875,3.2261277559107877,2.916030971014434,2.920297976360926,2.9491767782439693,3.054214767821441,3.356124821509728,3.2315049796190998,2.9495637860484085,3.5033358898302764,2.8368969612571338,3.196671668750513,3.396361738148226,3.297530791367165,2.512450253229476,3.1309801127815327,2.9369011831742915,3.803537774654678,3.7315233554073814,4.114433304475728,3.3576676137164827,4.077831282883731,3.4696869630906693,3.641610079334064,4.24650588459531,3.1616178158770953,2.9791663195666507,3.4893163995414858,2.7962062194659856,2.6739774640506586,2.720046716842214,3.75331819598508,3.221905957737107,2.587219191146934,3.9110388758605032,4.033555245730014,4.173234071201682,4.009963918243013,4.01931853811792,4.02699135762605,2.6303456630057718,3.184892384290694,2.8268869575379316,2.854810664067755,3.3713068492092053,3.4362881683505186,3.3310116314189107,3.929525576687207,3.772233106986216,3.6158092907419523,2.1708316761378654,1.7543474846144937,1.4037800203154855,2.5421765947908628,2.446389852250136,2.896158130351839,4.095951198503883,3.640344840986,3.07903355512953,4.171602664518341,4.1010409052722965,4.112708449411132,4.166561346996857,4.1392988630568714,3.854312947236571,4.298289015728505,4.144561095844614,2.4283019364270313,4.044002501747542,4.064454853429688,3.82782983155143,3.545971815047655,3.732333197745636,3.941856890685555,3.5261032838119006,3.018994555269954,2.532318971157935,2.6443879862736863,2.763432545966552,3.9431529351288326,4.0035889845001575,3.384801824692232,3.1842111671619238,3.874117575512418,3.831458956900106,3.801205814306781,3.760535428368584,3.854217855205651,3.849597853003361,3.9747605349175164
original_glcm_DifferenceVariance,24.39050891404448,23.2017164368162,29.39165254179498,16.149007782882514,8.61473156394857,16.89769431456743,12.554262868403383,18.721541017441233,22.627582911281916,1.758768027937677,12.595036896814287,15.781253290462754,4.746196297603536,24.06089640501515,52.23302852567457,23.33513190757277,30.587704783353466,8.046038114508766,10.981897767973358,47.70124497708463,9.50554033420081,9.484024446933491,29.648531351100466,18.274016822645475,8.631125136014978,8.355669147077126,17.64199768229758,15.01246240444339,8.003798356159933,16.06055729442399,17.479445261066722,6.16710316697954,23.986443425565767,43.88011194047712,15.506787517349741,43.99232081362079,30.754484513972898,40.56202268940276,33.83566782250642,32.538465702587516,30.245366154150368,35.78031166625383,22.03436278325463,28.265773639574604,38.01265940470333,20.280352158514802,27.803456595539323,28.583056939783734,32.17693639661897,16.173397600813495,25.465881270983207,25.345687498722306,42.51156973782061,4.776115240211691,27.66904182799097,24.46556907335553,17.019459642827517,9.543897968128535,15.158215768680149,10.79786802270381,15.047293299855879,14.684919132821536,10.81639194061203,17.180496581309175,8.722123977947236,14.44108188843932,17.26261096296569,14.643669011223864,3.7805561618425116,10.422031422293648,14.589473561796815,25.62600501780023,23.616631811534454,32.109844293851474,15.769697467335103,36.45840904450631,14.071306429007466,18.057634117984296,44.99258888646199,7.8791688121365,6.9303166039693895,11.457318515413387,6.771409560430033,6.037543978611113,4.690163421984451,18.929332894168958,21.073314858814204,5.768501063343166,37.661637366097175,39.276111381198746,45.78214024520037,37.17930515297151,35.367078782140716,36.634071609725886,7.137773859177177,15.21240191985598,11.82308202515003,11.128779057132794,19.008315793542565,21.07084877421386,18.67242367090692,25.49254774358264,26.063142043179788,14.691227769983271,2.836901890578158,5.424971086815638,1.0293676875301223,7.10204467717187,9.652108799734233,6.104927200130994,60.4522483004871,25.4296989973558,9.564075822765684,36.99459168626528,30.92404831710784,30.864596957337,31.65219906909691,40.93034846718684,24.34204777872229,52.63603581308467,40.636763166831216,7.5392706791871955,53.920521522665524,50.10286976529618,37.482407599589095,21.84666198839401,22.487305714939108,28.897354881705507,16.993619668653356,16.850864174433237,5.672355725022857,7.460422609076655,12.991481497461086,32.64735317966496,31.244491988650076,7.714972843691736,13.193156711895359,22.794599647970777,23.88452318534885,25.421566926118413,28.390128719779444,33.13422164170451,31.398345757185705,42.711004144630365
original_glcm_Id,0.2834338791648497,0.28589834759748883,0.29280136267478996,0.3422232286819001,0.4144985381385353,0.40975792526834376,0.4116323676364694,0.4869394596790087,0.5302308693501652,0.5812307449267503,0.4094528740891716,0.3995296635279347,0.4755332591833465,0.3374544971447428,0.26234366444138457,0.24723907704018958,0.2532915930875189,0.41607440706606535,0.33113554604597406,0.22827935598094404,0.48609516886493653,0.4753091815992214,0.4219804175941502,0.43692868956849773,0.4129220858422347,0.4924484326430048,0.4742191910326347,0.5478352477905488,0.5707581510401917,0.4738034870608613,0.38237311823498743,0.569558012185935,0.24047059598824644,0.3351322072538608,0.3001475281245502,0.2801714386617111,0.26567359633547893,0.3032795054532858,0.29442427608929755,0.2712518646915347,0.26151917841332695,0.23281983573891193,0.4631540361969012,0.4078336714062657,0.36557343504335654,0.42019526179485756,0.4590693911420646,0.44604589178840837,0.45765043213642953,0.423864784549386,0.3404495268584481,0.3206210337161769,0.2162504653510827,0.4332967464711706,0.24696147961511944,0.43304661644886866,0.4788817103480085,0.5007714960787508,0.4496073102454184,0.47969684403419854,0.4137425774528456,0.4528481872532213,0.4615416239844684,0.38082198023158764,0.47571244006815133,0.42883348257124854,0.394911862977188,0.395697688974966,0.576020922010556,0.41433386838768305,0.4771073508139251,0.3334178162089891,0.3468646870558905,0.2744117697360997,0.4059774208343253,0.2564966342464053,0.34454856157824837,0.3241789609796792,0.30616077701517463,0.43104922063710943,0.4135353119701036,0.3308356896395369,0.43279787664471364,0.46670997733241165,0.45651560821981235,0.30023802095953206,0.2922344264713732,0.5619601023052292,0.2967315375506676,0.31644661920585115,0.28899216258714155,0.33493020371861815,0.3263300909452473,0.3245820012776641,0.5653156124876231,0.4531572014048693,0.46639518188798673,0.5308264252976145,0.4182019482859236,0.4111423295244755,0.4293007793941048,0.31679689378613435,0.34702444780690195,0.3164248910184754,0.31608940168996846,0.3135905819634286,0.5110608293764303,0.38137450945897994,0.4389174988912763,0.45699404580396474,0.26342462002551026,0.3686614174191997,0.4873830248452701,0.2312528461924478,0.22019935703764432,0.2528356207458323,0.2127506914906133,0.28721099295349567,0.28135580141994837,0.27439304567266837,0.29455707960952354,0.5803152532075041,0.3320316670260276,0.2914534474047385,0.29303584773908287,0.2679173698639995,0.29517559561622253,0.335878585746367,0.3621594213069168,0.5191592518248442,0.4955347927048774,0.48263998863627816,0.4777850700492994,0.30543896775113855,0.2874568601425902,0.2816555815454764,0.3892670848460569,0.2456473528117576,0.2992632958177209,0.31358240807387405,0.33178270414537353,0.31631063649309893,0.31375398264235277,0.29577029464404725
original_glcm_Idm,0.1991441289312374,0.20044689016189285,0.21021915211893097,0.25738169766780855,0.33367367660419,0.33501967285431117,0.331528097432803,0.4339461108040348,0.4829652965170262,0.5413205824788849,0.3397916846112617,0.32982768586566097,0.41776746230367895,0.2604260051338728,0.18425756574544905,0.15904278707369127,0.1694502104059496,0.3461002276163943,0.24861345884748917,0.14640812108171708,0.4257324012697166,0.4122559988214013,0.36284804737023185,0.3787910892416415,0.3400954595379941,0.43736304508642015,0.421476579892724,0.5092276441132373,0.5361835385669103,0.4209128342104804,0.3088740724389488,0.5314400158738126,0.14586743830548088,0.26607748248332064,0.21509729543653222,0.20247955674020612,0.17969809133442152,0.22394546073048566,0.20778073804079675,0.18662362250561387,0.17672932846712486,0.14209295373802527,0.40559072440410116,0.3444902715503657,0.2996225246270195,0.35460873071816174,0.4060096366991947,0.3907372398642393,0.4046603991750195,0.3593708131841598,0.26575491489448516,0.24122153906001448,0.13271746021185968,0.3660009262594303,0.15581540433300517,0.37165140981990175,0.42365794026928927,0.44773635786852417,0.3881718150798233,0.42294535385677956,0.34534445488724597,0.39288969610154567,0.39972353879793865,0.3073821968269129,0.41623315403574157,0.3619392382521236,0.3221322143852599,0.32261340053591475,0.532460030616439,0.3403471403819994,0.4194335175568919,0.25913530049683325,0.27355134241399076,0.18945533554652505,0.33783908594192635,0.17080313103850692,0.26466161866929633,0.2457624217042607,0.24093940736676922,0.3628220643639269,0.33805000034219546,0.24741745501202428,0.36040522810031644,0.40215394349113087,0.38752016455958754,0.2184023644141508,0.21414073538404307,0.5208817709020799,0.21824373472811287,0.24336559467401503,0.21295169994540647,0.2656489611321549,0.2550408221326135,0.25238076109675756,0.5234457726608075,0.393380933159009,0.40710026747859257,0.48336295522956363,0.35331472235026934,0.3459363949086149,0.3665011906978288,0.23403707222232784,0.2755602595357231,0.23516537498755152,0.22237966798277486,0.23507781049480403,0.4519904631916642,0.2989276731685558,0.37713852746025184,0.3945844267358568,0.17751372557323303,0.29750335757964175,0.4324023697034576,0.150212374888733,0.13669806497906692,0.17150915510887724,0.1255417334673886,0.20791204659939766,0.19303648557617484,0.1980740913686761,0.21886731688951733,0.5411658826124014,0.26582583391798487,0.21881185285878335,0.22557901045798776,0.19502078816796972,0.21653899870709803,0.25709196235540777,0.287163833453203,0.4713374315589052,0.43918869108018055,0.4243031837029587,0.4203119225206357,0.22352446123104067,0.20330605296603294,0.19179376549825652,0.31482983639883183,0.15531845308869657,0.215831456489062,0.23168060436138846,0.25150450682616143,0.23624322326449781,0.23337255591885386,0.21495088779927424
original_glcm_Idmn,0.9614198709082186,0.955080797400994,0.9652049165345394,0.9715728102221077,0.9439482970726929,0.9529940739534566,0.9872602358424707,0.9996276563148303,1.006936520855219,0.9986641565538215,0.9789608533390902,0.973812140932825,0.976685574402397,0.9601508741006746,0.9343778218250784,0.9303107845236123,0.9368806970727289,0.9528925203328872,0.9021250939816858,0.9357355027277158,0.9973986785734724,0.9972868016299924,0.9427237468648754,0.9628983071286689,0.9738848397625021,0.9619399119884744,0.9816384331944593,0.9992214297709251,0.998011963356789,0.9739059404835414,0.9584086211273585,0.9871936363156991,0.9739677349651559,0.9582570331385444,0.9123977185701578,0.9659362016379817,0.9507991646905184,0.9671056292089708,0.9638318904179799,0.9577951686311514,0.943542754287812,0.9393683784602489,0.9835689206192204,0.9811834851663396,0.9696921544826564,0.9805126536172065,0.978744513449437,0.9762138918167008,0.9679551725003969,0.9909458016133753,0.9599778597328755,0.9829074770614188,0.9158647529560227,0.9645722206699283,0.9423378888375362,0.9794816452699084,0.9840732098778476,0.9896829953509837,0.9922489480677317,0.9895507979725909,0.9883138915966133,0.988690444982749,0.9942605124907639,0.9798545725984653,0.9671988173658015,0.9749116918162817,0.9750764494669704,0.9610955843055624,1.009357392366291,0.9801238821228385,0.9573651637031496,0.9425237449888026,0.9558642016997415,0.9620777971491394,0.9339238179491173,0.9243255775505018,0.9485089712243131,0.9333639261708975,0.9156483221163488,0.9746135642444941,0.9658654847546833,0.9469963743200184,0.9563686290522714,0.9723175359895544,0.9803885566800724,0.939411355300193,0.916224740295884,0.990329974573714,0.9618323646354786,0.9427952650549354,0.9710902023950875,0.9488488267289874,0.9489304835745739,0.964209017315644,0.9868459559537609,0.9855924154705683,0.9919045894000998,0.9882440964391469,0.9844191758967674,0.9846282209049838,0.9848872168725856,0.9666965987113573,0.946272691437849,0.920055735364433,0.8947529723166391,0.8789478467489392,0.9452013498730116,0.9214998880773705,0.9261064026648895,0.9677625412045475,0.9850067684384758,0.9782040995159116,0.9599676705813615,0.9326773262723382,0.9492838558885215,0.9340786083627374,0.9584249517907607,0.98473119266259,0.9877420745769548,0.9816425423021168,0.99165708048744,0.9966593516177527,0.9741804433625731,0.9733674508029448,0.9651153688766344,0.9753419984043944,0.9443564309443407,0.9687139347278158,0.9715631049515664,0.9843972402758494,0.99312296358207,0.9914829833946364,0.9906583344714948,0.953097118131049,0.9490767411957797,0.9218171595338144,0.9855629365479448,0.95584370989055,0.9706203084826085,0.9728432477696078,0.9728942687592819,0.9714011874046454,0.9690252824241048,0.9680810779698225
original_glcm_Idn,0.8762624120201462,0.8667709508078268,0.8861488320558664,0.893175820734146,0.8593191819611198,0.8793355600967218,0.92597774443378,0.9819951604768612,1.0029527531164502,0.9613753848668741,0.9248393986741181,0.9130443440605587,0.9099707274818473,0.885545424933989,0.8462373998571927,0.8332709958142513,0.8400814742273719,0.8712415109604161,0.8076860445358576,0.8383513917256006,0.9598875845267363,0.9587814025660717,0.8718918389979304,0.8950213109588212,0.9030803339944532,0.8966540520385414,0.926917859063916,0.971933950745791,0.9743629149890265,0.9246472137501879,0.880566147035666,0.9432446895897818,0.8887376900287456,0.8904857944685993,0.8159335566344113,0.8881090603155539,0.8591980936783156,0.8938790694779092,0.8837520377031575,0.8710244880606209,0.84878392550179,0.8421761589197457,0.9318305379009142,0.9279362347060763,0.8993180898176126,0.9226808432894579,0.9240535137887549,0.91793671268473,0.9060739578290764,0.9413867958148336,0.8841088165153667,0.9208022451344715,0.8166618431250567,0.886613739087174,0.8465158538399395,0.9230137570057999,0.9338106923671868,0.9549460352175898,0.9554084909871058,0.9533115448625237,0.9450880152635975,0.9485524284105251,0.9543113181896612,0.9170221415682537,0.8980529420175083,0.9122279827959802,0.9101694869527913,0.8859150218564544,0.983418835816629,0.9157053841947668,0.8966314186864417,0.8564023268066546,0.8743853307973347,0.8825690162187696,0.8531702811740853,0.8301221465230478,0.8638284652137976,0.8473315651835168,0.8329765777094504,0.9048440078276618,0.8883705610274699,0.8546540699906283,0.8705226280472821,0.8985075036950154,0.9141332053133426,0.8478641148966276,0.8236269428099693,0.9599472712861175,0.8845060399735211,0.8629754063718449,0.900481774240402,0.8728239982318061,0.870679891585306,0.8906593302910832,0.9463579846082454,0.9381551886053346,0.9482797709816582,0.9504807504098296,0.932940469675245,0.9333098691788434,0.9349587510887909,0.8968336070442611,0.8620697589570123,0.823795990723645,0.7851555927809453,0.78403763728379,0.855867643954114,0.8311284224478505,0.8419149786717801,0.9073488780295613,0.9306203558886454,0.9148082325781852,0.8902559472410245,0.8333951578295002,0.8505177907629351,0.8393063421170011,0.8641755784249108,0.9250814833332227,0.9263499387589395,0.9151431047539819,0.9354996373214081,0.9611785258898462,0.9046108776302613,0.8989892905644387,0.8911180537508154,0.8982024431248271,0.8550766837889653,0.8970712751189855,0.9106828434488501,0.9397665061177952,0.9518738062170302,0.9466979907744932,0.9461910931507795,0.8691093108420488,0.8613410469648571,0.8212928804062527,0.9284360766995923,0.8632147236121054,0.8922016366760502,0.8987684787759408,0.902201328071993,0.8989410798646533,0.8939592601989824,0.8933012002539166
original_glcm_Imc1,-0.26193719420676875,-0.2842271572415951,-0.2907287586224552,-0.19608018405200012,-0.2873830226657562,-0.25950107237586695,-0.3232435120461004,-0.2819357476213155,-0.23719392765107367,-0.16145500520860123,-0.16404479327503943,-0.16337556072528955,-0.09306094742907839,-0.31248023829114935,-0.37397593205664403,-0.2957859382726423,-0.2707506229166814,-0.13494867277388706,-0.5115568097978007,-0.32480662983422426,-0.13426557054256097,-0.13797153160832293,-0.1873197026776059,-0.3305021955728857,-0.09141899105996429,-0.1070391582565794,-0.12605627056703744,-0.1388267929430186,-0.1824722028617561,-0.2197381719198666,-0.19215117428872378,-0.12716479207522483,-0.14262923223071455,-0.2991893479124017,-0.35245417035681553,-0.422869040214782,-0.27138877392782607,-0.3142760451832446,-0.29648664673146174,-0.19751642583827705,-0.2848942329540417,-0.3473396040612235,-0.172620356116599,-0.18215967519246087,-0.14741413031604697,-0.19575618867707897,-0.1787808457684851,-0.17302848131565526,-0.13758420559580783,-0.13966482624306711,-0.21683767763027623,-0.30277410192020804,-0.3385423820906246,-0.13630236873942136,-0.3336735586492983,-0.27490358612531685,-0.24531106615350268,-0.2002015292322703,-0.17768167174922253,-0.1801770329429136,-0.17872688069068152,-0.19088315690733812,-0.25468573393647387,-0.18190125628386652,-0.23390638438924044,-0.2030344810047737,-0.17315806590930075,-0.16471042176294629,0.020403712820547287,-0.17109814888576297,-0.32108079003173706,-0.20971867851355927,-0.2043859903034743,-0.25227313685772984,-0.1204083062737714,-0.30443298442943195,-0.13031678280280418,-0.1668698445749184,-0.12209547339758017,-0.1398022331900199,-0.1505589152197211,-0.1507823667922485,-0.15065116474160734,-0.14584861421835477,-0.14761233091929504,-0.3106552188040377,-0.5124687552073977,-0.17178446895689642,-0.16646910826768324,-0.13242248930128808,-0.12635985309847242,-0.11378690759061565,-0.10604369375634927,-0.12953395928514794,-0.19150805686625194,-0.19020305167939172,-0.23554694154774244,-0.21098545005730482,-0.1863190520724307,-0.18987635626014196,-0.1822906539839928,-0.11227279313799465,-0.15614843885916438,-0.23542025629627572,-0.6841281466943088,-0.6636904209220194,-0.4846873863618486,-0.4792082585552701,-0.5602961639126568,-0.2763058804431967,-0.13343948236752404,-0.19710765434003244,-0.1337431169336503,-0.1860363778553644,-0.20384885342657852,-0.1817972486007253,-0.2418635466579168,-0.16960892570073471,-0.22602433851773157,-0.1452806357898878,-0.145965325895201,-0.09623769438302127,-0.26430194719068956,-0.2647074143886484,-0.2982432969300975,-0.35661974977429617,-0.3712186937731754,-0.144417540474371,-0.22867076641449735,-0.21300318532246057,-0.26951689917692595,-0.2554572947924188,-0.26645150364019216,-0.08839452077959134,-0.09308303531315021,-0.21215671948863668,-0.2682872057769215,-0.16092201784212237,-0.13599534331069063,-0.14916735848970755,-0.15473539253806465,-0.16049733216101408,-0.15691245327102143,-0.18328063942578643
original_glcm_Imc2,0.9419281135336707,0.9446583804273054,0.9467380442176352,0.881518684604464,0.882248833453425,0.8807032100765172,0.8946797258036314,0.9411259333061015,0.9097999582048889,0.8051397112784073,0.8482744013479253,0.8520561456639102,0.7295583835551183,0.9334099327139369,0.9538674680467337,0.9672128730761036,0.9708938204498228,0.7731058989467575,0.9661530087310053,0.986010131637893,0.8297570308646043,0.8365623853828303,0.8176606448923978,0.8614236965737285,0.6841166834769076,0.7194130180973202,0.7643280544134821,0.7862627150162758,0.7770763872479496,0.8087335834631991,0.799383622877994,0.7418816546038647,0.8510116288484363,0.9186292036532788,0.9517017555627971,0.9698993418540875,0.9642479724629327,0.9487246138143772,0.9704366507518907,0.9196254952208711,0.9770166061450168,0.9810075176072521,0.7929941972336663,0.807605427464241,0.7970584521474484,0.8300927284868048,0.8347634815625604,0.8307617491467048,0.7539251219651293,0.812850445511821,0.8964797159347418,0.9634435371563174,0.9613944784824059,0.7638942758048949,0.9540386534464733,0.9126015585220031,0.8759691752356896,0.8738339023838467,0.8471724741403567,0.8412932846623673,0.875738478737638,0.8826561177423258,0.912165839519308,0.8793964098543099,0.8905644644044854,0.8700296487830236,0.874334431249147,0.8188533620457974,0.6812537039050528,0.864714041755313,0.9564476543129725,0.9171101059935532,0.9118994930131906,0.9821825924553815,0.7367021446142454,0.9693963216556464,0.8333659858285783,0.8698787519047394,0.8597080627227844,0.7403295809084032,0.8241776419071745,0.7939669169431296,0.7747045816245479,0.74521478881313,0.8056512732344043,0.9146302541196647,0.92229395290476,0.7646598157595337,0.7952524581816036,0.8003483293917872,0.7891703439491533,0.8038687522827104,0.7866666353105791,0.8377874464746503,0.8130630239520998,0.8582572500831839,0.8653290848642426,0.8722387790622771,0.8557388657379676,0.8644869678599406,0.8457270150406264,0.8654428359573212,0.8159329176569451,0.9233674808164352,1.002016409161212,0.8933516200314452,0.7257887933191827,0.9399155217332543,0.9708541577788288,0.9316140743494463,0.802778872429659,0.9039786169643788,0.693336627164574,0.9086246183579447,0.9289466207501211,0.8938161316723092,0.9452240330892528,0.871519457435416,0.9176583192834981,0.8648163061350665,0.8615491752534489,0.7238347949512278,0.911197008669801,0.9112938134245786,0.9111328493999735,0.9196318676734028,0.962700121565225,0.8781078770894118,0.9077763193384009,0.8839278957826983,0.8816954637765824,0.8748617491942791,0.8727290032921501,0.7520137224981965,0.7772558539627297,0.8602896356990108,0.905033249239826,0.826246717019361,0.7894218573953296,0.8216809340343634,0.8275874339817484,0.8452261930924735,0.8378106635316185,0.8942857781861688
original_glcm_InverseVariance,0.19344714673228236,0.18584740789236337,0.21348924949274437,0.24298326514458907,0.30595949031568237,0.3213409078193265,0.29220713321191255,0.3642068380647601,0.41116643639558054,0.4485527573923406,0.305347324366807,0.280772038896575,0.367793447355628,0.24116576479682345,0.1717973128465245,0.17926869673807244,0.15907452578826742,0.3289596599746594,0.24972217033598368,0.1554319259678325,0.3765397629749226,0.36458153749185473,0.2845163858063743,0.3052331748203368,0.3132282272228874,0.35808080006289644,0.3277773666840792,0.39179787707934427,0.41391349421526025,0.3513370956962431,0.29650985824439113,0.42703755932969906,0.160598807342057,0.2260429670398702,0.19941305782519173,0.1873279104169604,0.17035057721516758,0.20778797176797925,0.19500807394594966,0.186995466582756,0.16108436877288623,0.15351507762605757,0.3293204387541664,0.30465340778756345,0.23295963032162334,0.31153639746517614,0.3191001523599225,0.3032976678097614,0.29726630935396176,0.32754745856394496,0.25738474173227416,0.24017397095141657,0.1424030700394193,0.33383854682322656,0.16361590476579968,0.3238379401699456,0.33989346148414123,0.3864084127540328,0.3525609028047759,0.3649977578986354,0.3197099770939769,0.34381312105053935,0.33487801330624756,0.28718767595151784,0.3502794443401867,0.3064877386118421,0.2917175391453788,0.2917003173362722,0.4408786933279216,0.31383230833280407,0.3244998601496861,0.2249697117100643,0.2510291695006825,0.17227857901678062,0.28374316324194904,0.16324469041019002,0.25193895937052446,0.2292892559317355,0.2147030280338993,0.3334342535108813,0.31550357181083744,0.24391511821869208,0.33882453938436574,0.3618909618565596,0.3570436176591762,0.20585599078979228,0.18901579602096724,0.41976044290237724,0.20418342989345054,0.2203331793642388,0.2021841350456836,0.23862009978198306,0.22776515072347475,0.22920743255128126,0.3986969667052257,0.35573419874172457,0.36651506803011435,0.3788496619400042,0.3235752708634686,0.31432581405637616,0.33050580139271635,0.24151718048460635,0.24282837334097496,0.21853044020498158,0.2940781003760798,0.24221036422012518,0.3949638111383676,0.26229042849341594,0.35530880273562915,0.3425669254114929,0.17964674296125388,0.2808789259056888,0.33550523385020414,0.1401232636796669,0.1344872283267644,0.16411457450285144,0.12432211290224773,0.1905423501547594,0.18283753974438233,0.18686272543145216,0.20234430553577182,0.4230560901204071,0.24075050234925585,0.2097406163306673,0.20164781307743407,0.1682637759736017,0.2040068344856365,0.24200057945999492,0.26024401909431805,0.35606955751139435,0.3876322244327007,0.3764185398128815,0.36384788146820135,0.22309969751387027,0.20030024829106788,0.20732900548085723,0.28102804465835635,0.19097226502016532,0.2180405669608565,0.22958093555126036,0.23776226842735826,0.22883333439186077,0.22645625969665314,0.21305625580909887
original_glcm_JointAverage,18.345632130756442,12.265928385759855,11.74696858859672,9.31491309682655,8.459644612553703,7.769321130698772,7.771752880002586,22.73337011360757,37.69399825731794,12.291243497816591,16.403806662201646,16.449583854607152,12.317933075632261,18.765625279317923,25.048837110916036,5.075876953306155,10.356775640600324,13.022343720368127,10.62578927387144,17.6061605789199,34.8485002779324,34.456061731498785,19.293938085335256,8.817480204111675,15.577376617880347,14.867667846741812,30.808380444843742,44.28878263415849,38.8415777521071,19.37800764356405,6.680366874839876,18.825426365665262,17.465834957287957,15.600310638042867,9.50348936159327,11.384534354660621,8.888773263384273,10.40973083601245,8.503283853674835,11.516644534191743,10.692286785588987,10.19012642455354,26.19576892012134,29.855609653575726,26.70802973578172,22.119825716177534,31.370776717595028,28.350752663736895,27.50462489121309,19.427808550614117,18.52922319201316,28.410495516522847,16.51462466929648,10.758820754979972,13.434683124773994,10.483351910394063,9.520260647965047,37.47277123113977,39.981326265366086,37.91185421153064,36.426642566842105,37.12226443264972,46.13798068227949,18.757990111545034,11.685322868588916,15.436810536957923,15.755039904302636,14.702062387261638,20.592441933935064,16.653769308432782,16.836165719844033,14.715451120425971,15.449598565671375,27.33309707120111,12.934597776420077,9.947928118570832,9.409297940019993,11.085783583991898,23.526619273398577,15.712726114957821,9.361525353563353,9.22121301898803,6.635633418345924,6.787012405877475,8.389603532856135,13.65338096653897,11.00553665546892,30.51938283664093,26.32525767551573,20.78595210738241,22.7755732713984,21.74097945647649,19.78635006361548,27.278398708471144,18.068484144909004,16.727282319416215,17.29614706269145,19.228528546465277,16.988974181927116,17.210771977220244,17.19499523421763,26.776834188958333,14.784315931331733,11.06438976009639,5.7706706943661406,6.778288404889755,3.7764825916578975,5.332750659177389,2.8594538640774054,9.26905671755431,26.029716750075288,15.74102558842553,10.853411003087029,12.314508485866076,16.439659550386683,13.974224003045112,17.797117730066915,25.971085126934454,25.718456154962034,19.434349135121415,35.90909646760396,17.12168125729721,18.928362130315598,18.148054325459736,28.083757866174313,24.37213209543984,21.855623815798857,21.801587780077202,27.03234019658217,34.07317562735101,14.264601651010597,13.474985751626129,14.79434618212115,8.39386239944332,12.441509649080142,10.15611895714145,13.967934336727373,6.699696216185263,12.35006782258258,12.81251312670919,11.42778927881527,12.634974171039005,12.005263451797383,12.698097745154248
original_glcm_JointEnergy,0.0033127036727227423,0.00694623935479349,0.007313554775603345,0.014456700739758537,0.04060683574989839,0.033443254184039733,0.039317308921189814,0.01675799754413188,0.01874198857478452,0.05752458773176236,0.0172493482391776,0.020742544204317356,0.059861898900869855,0.012645737123029927,-3.481110808037716e-05,0.009741510876012237,0.004159976856586586,0.02644167379010127,0.05308291421325913,-0.0024904403355659986,0.01780950902542464,0.0169750158494024,0.06310540652483627,0.06820724606020531,0.017030098873235023,0.04418657866958678,0.04814260385740615,0.06506166813762494,0.07142502580282822,0.04698104670559081,0.017758527547900926,0.061622917652553545,-0.00252748069875975,0.01700704441810607,0.01753104401577414,0.014523609196198254,0.00535698594800748,0.011602479535794975,0.006888872806024607,0.003085557093876125,0.004302107527988066,0.0013662528374045642,0.031353855919422705,0.023193940756754718,0.008501576092253924,0.025183463620153737,0.017412984898144093,0.016152142420216196,0.057537496456115285,0.022808727326504276,0.014786379653462915,0.011511639096703215,0.0015040222757983814,0.03860215556570799,0.0037353102737368686,0.028809764639245453,0.05316530327428131,0.014480658752955091,0.013173771861526356,0.010954500182836753,0.004479561748629162,0.007830445874966807,0.010939019362991619,0.004654702889709761,0.020360355313788013,0.014775835014133189,0.0034588446319198177,0.014841717957411564,0.017361623114846604,0.006751393851320944,0.04207556060095809,0.006529793101085498,0.006723145890423769,0.0015392561620969566,0.02201831803106218,0.00785210111789825,0.013244457043603448,0.012499006824391335,0.009520790704139857,0.01112829246722084,0.017395978246151755,0.005587702928752544,0.02532627871843566,0.02738612279642811,0.02066641713367086,0.015094156814405577,0.03964052344615515,0.033528814779350685,0.017864390713554366,0.007352659259754302,0.0043909047886317235,0.0032959931259139152,0.0031069492936211286,0.001427261364184227,0.03224706932719313,0.01088755112342915,0.02321227478844421,0.022323700849574638,0.009007649795436065,0.009257232440811104,0.009097493593583809,-0.024021359116479568,0.02518732501876612,0.00923695210127644,0.07513592670949837,0.1886013321169974,0.25704078680635967,0.10004271683590252,0.10174534538578678,0.026321496230171493,0.0025902471671551616,0.005188475783114387,0.02875064836775279,0.0023950809056677777,0.0024723767540278455,0.0021855540159379447,0.0032564664954979165,0.004279494021512911,0.007513398024202212,0.00047384806067397867,0.0018801441321586176,0.06582380858921169,0.013047157191714504,0.012339099194561547,0.015431600657559056,0.013891703557489206,0.012442317846781566,0.007170430885740422,0.010669630431774565,0.019768827964820226,0.03010188396966999,0.030162406164337345,0.03601459769021999,0.007161122967248629,0.0039137533814253105,0.007438400388509205,0.019950287893244854,0.001009329057875881,0.0037055471188442157,0.004302532152630642,0.0056007049408623895,0.0051143580932955825,0.004864255289676246,0.004371167213480399
original_glcm_JointEntropy,8.269118257994059,7.665637383989837,7.642085003645898,7.351232260663557,5.594965881266494,6.04946252572392,5.697193204907139,7.189338767851839,7.209624121229973,5.868141851223822,7.493420557655646,7.557712707387694,5.694538197855346,7.601847432912896,8.190069243563476,7.913581282040011,7.805534461009074,6.117623255001514,4.987832436204444,9.136760007411441,8.132057927895413,8.305442826876654,6.2178405090477336,5.974855476716337,7.1012222848959725,6.090759292340893,6.534196985806655,6.422392528176342,5.592200145890622,6.148246984123935,7.147942274663689,5.935845272068115,9.187733757781768,7.471701441520572,6.559409101549339,6.887886000748691,7.458303121775828,7.172849235813557,7.181558533677768,8.372969373938387,7.7231132185471605,8.080489814145999,6.705578505926727,7.447805756350788,8.338432601398354,7.303393095658297,7.403486353996111,7.560038931630097,6.878144327217603,7.290956298217004,7.479902576938208,7.537419313004166,8.521180187802958,6.129842270937425,7.858753006552939,6.9529715658684434,6.120951320108276,7.129876213352574,7.572904561801803,7.155748552702458,8.084653550828138,7.653221877193306,7.6889774017655625,8.061766524747801,6.756495527667943,7.432046278470883,8.505778342622438,7.3583841236957195,7.892614485937703,7.915022087040678,5.835913434571546,7.764371923344054,7.832268923670096,8.626363624837412,7.0264871589687745,7.846093869182768,7.647043225694726,7.777534291111257,8.646787907509374,7.074728871057038,6.870564330741719,7.487620573494533,6.315690046255215,6.2955471877766485,6.671246253951145,7.080121300247654,5.003270676741715,5.96949843141718,8.275599846250111,8.67058678545073,9.019918131063486,8.922375069836093,8.886579157863421,9.09166671257285,6.057092038093061,7.340718517805264,6.780510947348601,6.648913207662515,7.557286147480199,7.6039880622023155,7.490157732903433,8.640179779033685,7.211400026018786,6.951088743001272,4.225839196353331,3.3076808752145905,2.9678775077864783,4.253920023405922,4.045372725428059,6.339435409499915,8.7917163774873,7.935248895792987,6.369778716076238,8.552104698837015,8.485403777213659,8.567680213094963,8.734267642934682,9.055562178226879,7.872487215068569,9.21722171126438,8.975202981566392,5.814664091291946,8.045553282423008,7.918256395804186,7.742043355207581,7.869672407512205,7.014442372692349,8.967401254935677,8.321009171167036,6.873371425638298,5.9453845477496605,6.137683164359603,6.010802562134007,8.450798007798134,8.943960220900216,7.2712040895962495,7.1451175470323,8.638833692702702,8.356564613590944,8.255885890881574,8.010180371554481,8.09758652745378,8.14286321522929,8.222166538962473
original_glcm_MCC,0.6476654863320964,0.6423504834816763,0.7347672839239655,0.674768975970566,0.8131556438962877,0.6639213693252788,0.713388357645731,0.8363930591482032,0.8414438273830753,0.7413241396549701,0.702017774993569,0.7172033323577549,0.5619471481900422,0.8204197841310517,0.7935489924903946,0.6080800155186085,0.6147623384224051,0.5118697332265683,0.8540772636634659,0.6819770807460307,0.7828483015635861,0.8129993380400176,0.5644088052311903,0.7301937042216835,0.4745991585575199,0.49598593137491925,0.8422764956772495,0.8462954459507658,0.7714108678852796,0.6308854053055238,0.6251904763777307,0.6609034361981985,0.7382165692757909,0.7436085238791073,0.6787795844064053,0.9959865224920317,0.7462478482720161,0.8423827595203762,0.9015026252032846,0.5799637880296675,0.6098908340749001,0.5391375837874881,0.7304566113281115,0.7316403931147062,0.7189532581946723,0.8185455924509676,0.7779841105026268,0.7415595045368188,0.7125552197438363,0.8188821544462539,0.607985847107446,0.7990774374201628,0.6014472228144172,0.6052638149276323,0.6142877940614517,0.7863256177386398,0.7758221924815698,0.7757090197842736,0.8415365832716961,0.8305946208702694,0.8382002642685842,0.9083274058719066,0.9538809202614469,0.7702404140250293,0.7958558488530342,0.7554062126220178,0.7542210845812367,0.6796337596618167,0.6542752889336652,0.7737161032810799,0.8237274101454197,0.6539045913385705,0.7031739769053135,0.901006337614433,0.5249553821848607,0.6472644437191272,0.5445033057374505,0.5862139819595036,0.5792683370862143,0.7086468422136812,0.5913167571297915,0.5224504274017397,0.5647100789330561,0.6043716763387992,0.6543643743386649,0.6474334286776008,0.920773284344133,0.7442076334610976,0.638153701886796,0.6473032803573509,0.7095013701176103,0.6500494932969929,0.6074096938364163,0.71994355485556,0.7270186598502976,0.726985675649393,0.7556260971784958,0.7538603724804533,0.6950379650315265,0.7239133393201032,0.6952312830302056,0.7078611086434414,0.5914517846418539,0.5540146147696844,0.9533962752972942,0.8844003716438693,0.710878190639113,0.8244123303513894,0.920144077849543,0.7999011109783293,0.8267125879402972,0.8581582178576396,0.45992873806311757,0.4967308329175891,0.6485711443495891,0.5759236772903429,0.6669442075024591,0.7815262152413203,0.9109821444114751,0.6672706676869582,0.7794451987344528,0.7372604993291998,0.7225042080610357,0.760968740642532,0.8501476407088384,0.8975729195192127,0.821196154478019,0.5804896943452719,0.8082098804909479,0.8194157072438275,0.8187488785109531,0.8305770041127644,0.8008159458704964,0.7204994853216646,0.6777482011115632,0.6394609089413007,0.8199328175099068,0.6017144160375617,0.6168096524818626,0.6799260131048397,0.693376467825365,0.6927801855576878,0.6866642375508892,0.7109662213209973
original_glcm_MaximumProbability,0.01590681535011828,0.02487301322154373,0.024949438551931727,0.036276393084892035,0.08257457048016323,0.07423615899060133,0.09539146380366365,0.03668194116169718,0.045979779382506164,0.1323438407632278,0.04581392464359736,0.04020585058639702,0.12085536885821366,0.04581109174499782,0.023611920407749204,0.010915160591196682,0.02158320167980153,0.0522500970333563,0.07915088328379052,-0.00021543844538067514,0.04998436155150412,0.05038528568710853,0.17386340740332556,0.11776948478667437,0.05226688898219232,0.11070434500245013,0.13075704479860523,0.1545910414165878,0.15993676015352698,0.09455145021137992,0.03897534973915823,0.13262279213702635,-0.0044568561286208105,0.05201061111158896,0.041585945875773654,0.04709980204468319,0.0239884846795897,0.034094723798954674,0.02698587424062682,0.01761242315162366,0.02051741263365297,0.009551495612782152,0.07525651152665978,0.06698299705762316,0.05541667986234626,0.07960722162671663,0.07346341049405351,0.06827543182796703,0.14555472124759816,0.08138742254703127,0.043420230806127134,0.03772656467498987,0.0020823681511095704,0.08358275222099523,0.0007395820019063248,0.08050723058282733,0.12540742598255894,0.054575318110608444,0.02154080861199429,0.03681428732206645,0.019238104435077896,0.031227371192363868,0.026771445150553522,0.02594915975260507,0.05071424811633828,0.04634707760445068,0.018175869156302718,0.04980404556306763,0.0534574658847536,0.02099485050316907,0.12114244835397749,0.04189526769425055,0.0411008303017418,0.03225209379403496,0.08702308017951699,0.02420029757715066,0.033340909191024656,0.03199741532581418,0.03158857020124941,0.054710477553374506,0.04612864475864806,0.02636615809401697,0.0568701005887476,0.06409941555821672,0.06250817388006032,0.03438950107157305,0.07279433141321198,0.09331491721446047,0.04015742877828566,0.035966040898728305,0.018469244206421077,0.035237606968955185,0.02728147005815816,0.018945022907153178,0.11301021210473813,0.03728570450173713,0.03282089265074956,0.09605620038733079,0.04347132962140636,0.04524311241265091,0.03492728680996019,-0.00725022229029236,0.07449385252090193,0.05042215801152848,0.10456094272869326,0.22537808601419163,0.31007751431906005,0.14506247010588108,0.16201469746427144,0.0703618337180965,0.014621757262762144,0.025632073558955148,0.11516722493860732,0.013449562319502902,0.013263082342801158,0.012795707074396596,0.008311249821350876,0.029424336070078983,0.028404400774566983,0.013718801333062233,0.020946838489916304,0.16876582047340166,0.04019148731857251,0.03447080736480751,0.04531444200800757,0.04163754724781285,0.037398224859445904,0.017876831369276536,0.03018553041198884,0.0794226332445367,0.06638824842055194,0.07368311236484416,0.07737117739954608,0.02397879348763786,0.020408133457670292,0.01857035454199383,0.06364399061369092,-0.022346551667027537,0.021688928487907086,0.023587279397926895,0.030964784247141698,0.026786960841548215,0.026978036761970102,0.025355569372456855
original_glcm_SumAverage,36.69126411416389,24.53185677154771,23.493937189801457,18.629826214457953,16.919289247456312,15.538642282460984,15.54350578107314,45.46674017203866,75.38799589826664,24.582486995047525,32.80761336339943,32.89916774823477,24.635866188089828,37.53125059888682,50.097674265421325,10.151753923337019,20.71355129758716,26.044687465580502,21.2515785875292,35.212321197058806,69.69700063365822,68.9121235399151,38.58787621446183,17.634960433618744,31.15475315551648,29.735335630443334,61.61676097000465,88.57756449208478,77.6831555650626,38.756015329306734,13.36073377224212,37.65085257235092,34.93166995341477,31.200621313368245,19.006978790178326,22.769068730714956,17.77754653854807,20.81946171704865,17.006567717919424,23.033289088409976,21.384573588617407,20.380252868235523,52.39153789517148,59.711219368267685,53.41605953926458,44.23965147991083,62.74155351752415,56.701505400330234,55.00924984846083,38.8556169276464,37.058446298568036,56.82099101876065,33.0292493743293,21.517641541834422,26.86936627567829,20.96670383771351,19.040521309851687,74.94554256376333,79.96265263965884,75.82370852592304,72.85328523188497,74.24452896568326,92.27596148107273,37.51598026584185,23.37064560242402,30.87362096618341,31.510079724054357,29.404124661498564,41.1848839128117,33.30753851052871,33.67233147772065,29.43090227091715,30.899197163711907,54.666194196870464,25.86919764503495,19.895856089873675,18.8185959010555,22.171567192741072,47.053238597202494,31.425452263110564,18.723050777559816,18.44242605079887,13.271266665565921,13.574024641719383,16.779207159705557,27.306761963565847,22.01107333551601,61.038765752944045,52.65051540291009,41.5719041455614,45.551146487924306,43.48195868329798,39.57269994495778,54.55679705305572,36.136968330405935,33.4545646752113,34.592294163762055,38.457057137159005,33.97794840105437,34.42154399233668,34.38999050628194,53.55366843199412,29.568631894237893,22.128779538799975,11.541341390726359,13.556576814935763,7.552965179051576,10.66550148644869,5.718907529829664,18.538113462702828,52.05943356572298,31.48205121013479,21.70682202411914,24.629016994262557,32.8793191362496,27.948447964707743,35.59423536940231,51.94217022201318,51.43691227624869,38.86869809650244,71.81819688064463,34.24336255282325,37.85672430289237,36.296108691439066,56.167515791239886,48.74426424285947,43.711247399163646,43.60317560734754,54.06468044321663,68.14635134551696,28.52920333218768,26.949971531279612,29.588692395843896,16.78772481314887,24.883019321192968,20.31223793331921,27.9358687012482,13.399392452431005,24.700135667807167,25.625026277511655,22.85557857737818,25.26994836561412,24.01052692515467,25.396195514042702
original_glcm_SumEntropy,5.588308561726838,5.257586726694994,5.209368351481569,4.759861473921422,3.853191258923715,3.9239103864991547,3.940510183980748,4.996571762969599,5.0638137450936105,4.018902533775522,4.85192310909717,4.880382544048715,3.7498894254567547,5.178948744425687,5.720617224960797,5.295213501675771,5.31778305453825,3.8870742646967527,3.5490441064028797,6.197388491661982,5.299889081084366,5.398393526885897,4.270582444843069,4.034895279728863,4.471000511498987,4.026950752763722,4.3227031208068,4.388074261175039,3.9487360695289913,4.258371393597209,4.724956410318759,4.051758243353849,5.615199399837204,5.133733343632507,4.498488709653218,4.90686959536269,5.022647968674538,4.9741200521264375,4.907315614894773,5.486783643453058,5.2965384806444895,5.406400205275346,4.491565787147682,4.927716236085736,5.4503711948155535,4.842277339970024,5.046491303432418,5.111608589745599,4.618998641223599,4.861013811909815,5.067574529905027,5.2190426065793245,5.7894409514893415,4.0053830303435145,5.29497839818324,4.854578577265021,4.286257844333784,4.877739497675344,4.932817345849093,4.851403305417746,5.302362088703305,5.130491339115938,5.209791858279851,5.264643618236311,4.667676698788837,5.012738485743038,5.589244066041125,4.880806200386287,4.9225306348426265,5.2784543475160035,4.244313075130529,5.237588719078593,5.269147562676325,5.645728824877507,4.608767890109892,5.364445419523265,4.835668842455205,5.020501579202759,5.627666036655599,4.665075849103188,4.361982114778918,4.737009722139386,4.026874533044346,4.097739904255305,4.2562219111060635,4.967973569518549,3.6344902601879103,4.2202723847534225,5.260919592209505,5.609645590814333,5.798742333808198,5.7671472810313595,5.751529125177726,5.8629660887387605,4.306779817212112,5.006400597602791,4.711286787542613,4.67347237042532,5.121283131329684,5.1607409299340805,5.079905430376715,5.717809139466787,4.683007721224587,4.777273104302159,2.900794007090539,2.1759638282897904,1.8994239821117849,2.890506983955471,2.873488884222431,4.491784826986147,5.408155241808748,5.251721253812374,4.356807669070098,5.501826588126252,5.488953046948276,5.5091520390958895,5.731727177385588,5.911226071520355,5.082183404578214,5.926695103314722,5.834586722967602,3.8891144909576383,5.614547836899385,5.343081434865119,5.3198361145026665,5.584659502608641,4.891371702800645,5.83851355876945,5.489940254817454,4.829679473925753,4.184735444414952,4.2170629667189745,4.203724337171814,5.397274991649636,5.55789287494623,4.677125434928102,4.961426508810165,5.457027317577211,5.3359959202544305,5.328329234660542,5.237118436341751,5.292777295733122,5.309444690317925,5.4159683971405235
original_glcm_SumSquares,71.55017704259015,55.80848206706758,61.612033643656694,28.160444718241422,11.609873500591434,15.737835465383405,14.702549149743803,41.66558095117969,46.29483897958756,6.8297222778985756,27.65648141206137,39.309398351779116,5.306764250214918,58.20740480118466,114.03682753708996,69.25547426588493,73.9181409534189,1.3462752591312892,20.450163204233387,112.46380031239909,42.84280156623659,48.79076284392345,48.0383689964786,29.57023329201722,16.46568942875124,12.302936197652166,21.379983051225338,30.058371128040516,20.652840817993244,38.51890203244354,41.714969236687274,14.008915288666557,60.30182802030693,63.404800853221055,29.169882219538106,85.6800667534304,58.378043310287545,83.75377525298177,77.23424852780211,83.56526468842982,67.21012935743947,69.95830682067646,25.68055771804933,54.190550647820466,96.43492714518256,51.77409382746384,66.56482121623232,70.2145410132486,64.86992997036957,38.4311786279258,53.13568656512229,58.39051248045326,93.0717052538256,-5.445295206628778,53.855550921994734,78.67365322266407,46.931763288340754,23.93064655796419,31.101826737465753,25.983226931563582,41.455392546972135,45.89367354710357,52.2997311120415,39.658139717423296,23.192927402935844,34.24496772301983,53.31985116344953,32.41483271028761,15.11012035232578,34.424798362308174,24.39439871664444,54.39358070642272,52.71666886912722,66.47625454226727,28.557620967892326,75.13630285192562,26.145895762158514,37.94482865889475,83.95016466643874,16.8392320943326,14.309934643682617,20.05372427318548,15.734691969312742,15.466554087859002,11.638621387773199,47.85091483360393,35.9319494276928,11.48275824025901,74.84935558303407,81.10681520573533,96.70268597022175,86.12757086560859,85.99707531399014,88.91041010251938,12.710597533229887,37.13162932081287,30.088893197957173,23.23721763043274,39.1418198820503,45.54788980486247,37.99127068468582,68.2365172489148,40.644889426430986,28.72211449823277,7.906328328484356,12.672506542649408,2.7329572298818263,10.720922170688063,16.152534851760613,22.957394957898057,91.65213963184001,47.3717208244298,13.926942947550344,81.11749782675716,76.54620051886921,69.64641764826911,87.43261663484171,102.9359929507062,48.43421545667527,103.31140504180186,92.44834798104917,4.6641392934730135,121.7885459186479,94.91346968178784,82.57558795920788,90.89230229233286,48.21617023895609,76.64856877770428,88.75062016480575,32.29187266225494,11.249643906006668,13.994702209138026,20.67058600683981,86.1047031628091,68.05479555599786,25.05849537460432,45.71482414354876,68.12517644693318,59.95858112155355,64.49087090877005,65.60390032075912,74.12975415129861,74.79057825998117,100.53346049285906
original_gldm_DependenceEntropy,6.453507384477298,6.115530183646307,5.917088855022456,5.894624127041246,5.235245309479634,5.448420007809067,5.458404080928875,7.649472652992891,7.977047254378434,7.098774506145652,6.950851611716759,6.890316020278285,5.691838122612534,6.328898765196172,6.53064774340316,5.50350712370031,5.998262965783758,5.872314411867551,4.510817220510404,6.223924208344395,7.785988784326549,7.819847776622409,6.1281801999514185,5.6206434808682575,6.658357350219687,6.505537700802992,7.021394874025686,7.389894950643028,6.949728937428065,6.430101385976792,6.437764269596807,7.214854419773761,6.011325283237162,6.484550373093122,5.571239941872079,5.555611041611688,5.785407172067045,5.705626945122847,5.658686548878025,6.32732899759261,6.123622905101087,5.398834497360537,6.994613367674719,7.08220379757748,7.15676829491317,6.937410866549118,7.212565402460002,7.220860459269914,7.131672631230156,6.8913262029011495,6.42092527415264,6.370257842740604,5.8278774471598425,5.691997270558569,5.572080481152935,6.811036677487212,6.694474970810752,7.402018231638671,7.794303824485756,7.248972674147149,7.474507748953505,7.443504761009484,8.14207432466474,7.081529840680266,6.910973334823034,7.151853009447172,7.599215044530482,6.722785858355095,7.850236831695817,7.280712241435715,6.457126840802701,6.520224346084091,6.6627939799470886,6.567665702350548,6.530934950862664,5.980516930983193,6.112646884081077,6.224316650243335,7.054707728451121,6.632726892933211,6.09545111820589,6.2116331422597515,5.88144758114544,6.412123841370458,6.525968744837508,5.858138092493547,4.908447392077351,6.853198671157035,6.384757867371036,6.9565391035327995,6.972078592106617,7.1257780937484965,7.047212268815993,7.123570084747003,6.960138411508582,7.1889698164514515,7.4022949139960055,7.1840527090452175,7.068435208208835,7.064954962656979,7.147712546533294,7.336377424414506,5.941255941692498,5.787852122558968,4.019789983223899,3.6290573303022566,3.90869926832056,4.222711183733839,3.8235129319466625,6.57226303791173,6.730532530408404,6.942987120082971,6.423565368624471,6.274087117236447,6.13564669278733,6.107543421607358,6.282591007136239,7.1514089916137635,5.9675268542661595,6.91063721952877,6.920531495411264,6.9114515363041535,6.8228796979668695,6.446763585257285,6.781485321626103,6.8462722933530324,5.916726894945837,7.15331204778741,7.258983714272454,7.253644923751892,6.896188881714044,6.870261780897469,6.7761692546783285,5.832056583743257,5.96537823854635,5.466397382827957,6.747733148236355,5.896200719543967,6.37066737744729,6.481667767028302,6.452498129200925,6.341621075401405,6.4166259171540725,6.342598692845876
original_gldm_DependenceNonUniformity,192.33313036021354,141.42282688834416,169.64357770538123,170.78256735206674,356.44016440962946,402.7454409811337,339.98395920690825,372.07871414400984,854.6437662006131,440.893237538725,711.2399632706313,697.4940724003552,453.8425502657012,430.9225858577131,448.67505499626486,-573.7536898141695,87.91341751314786,64.7520562266431,-16.93933628563741,181.10124227615603,1953.480680668069,2076.686437752349,77.22922414246938,318.0480815931037,342.7165810899652,95.24719718374757,648.0965564587652,1016.9084089870539,2846.7063648591993,1463.6630470391915,372.10431729329906,2388.092168290461,458.5543703455544,268.57328185232734,57.05219231535318,153.86542715565116,99.58221007678509,187.5853063434107,88.37490092691075,184.86887046188104,57.173212260117566,87.36670757236504,1137.205095497033,1414.144636143748,1752.4445767708835,1081.8531303915374,2217.043843194208,1635.4170081722675,1578.7684752933978,288.91767231747775,165.04102507035338,142.64252804494288,133.46600607485686,240.03031364028135,90.10012715950057,169.69675198623236,199.32162146051485,1610.1057463766374,1811.5301201873367,1124.9787565298468,1217.496142596031,1109.6431337482818,2081.6619669676866,312.9520382386706,198.29520074973607,346.263034585111,657.1926527206616,310.5287828165762,796.4240356044294,422.1385992481345,-325.8864025454204,73.16259255471135,94.59278873428536,-190.46282825808964,249.8853019185288,259.7203726982569,212.6884263207486,213.4385804566914,819.209191414559,163.33411750086975,219.7170885226568,154.06476678059414,151.61858085095406,213.20865767093187,170.05539306854837,115.99420738087048,89.7663502767403,2758.1034815882435,1302.7175871320014,1045.5055615929734,1393.442342030909,1351.191302372954,1274.6131249448445,1180.5905692574654,468.54916656884063,447.19651134059836,623.5098674164956,455.9741927980769,380.7643293559168,378.4304416194878,405.7667195832356,778.8216091231628,126.98820201000461,22.09696964035402,-14.128472145064734,-18.147233355084722,-17.377087436095394,-13.056468179859507,57.22327732844866,-205.84789641573263,582.1197857781317,121.95616329295217,92.18843369810429,269.8700945353738,307.12811446099846,730.0321417992742,456.8240644948426,812.8411911003222,301.5673711321718,961.0715618993077,898.1940291697833,256.03107544561794,187.73103556634055,207.74909236184146,575.0756542947527,539.6368512799216,95.18382839693618,557.9634656737329,1136.7009405817912,703.4872785501293,156.64730961828872,154.5810641074222,124.87934181785505,1212.7335977227476,1322.03875054543,265.6316203652917,496.9116181239214,557.0463024760735,542.8690017665682,464.08583376047807,437.8153013536676,418.3982018018234,397.01001005565456,350.0884532768148
original_gldm_DependenceNonUniformityNormalized,0.2719814377366999,0.29516949465498915,0.30552097889380136,0.29327764274467766,0.27558572831952777,0.3031774870026507,0.2241947984660593,0.08985746960510918,0.051463820652210696,0.046214251635524034,0.17894172320035373,0.17983568470250916,0.18343416598880066,0.22706950161338896,0.272616229963459,0.34996386970700527,0.30731865897669325,0.17313816251882638,0.293247633314888,0.34765414760132485,0.07340865776132338,0.07912984596314684,0.16009680700789639,0.23467350223945432,0.12088248169970729,0.0787943805580931,0.13272158366651862,0.0480786162899598,0.055677200006753746,0.15319528005019606,0.19590952713046722,0.04063416279123874,0.3519736848657936,0.2235937455677885,0.2918271931259227,0.36017194768293487,0.3361503058605362,0.3094830270677217,0.31404241237836666,0.26456179686617565,0.2762501343229494,0.35754736314483904,0.12590193475792505,0.17163696397219938,0.17794127294625756,0.14927257881617662,0.11918166820993026,0.1269325400056579,0.13705430101553848,0.11281906889306771,0.19369719097582735,0.23245731189838392,0.37242884072674903,0.2070568856044373,0.32627889906111357,0.1351251931801557,0.11399188810610672,0.09606464138515348,0.13246228481634487,0.10485315702185229,0.1318983601888264,0.11717676639452199,0.11492419145181666,0.17025757430797595,0.11230563175724799,0.12695555970992756,0.14107868638270565,0.1633619704755146,-0.04280802736275757,0.1289394270958062,0.1219395925288972,0.2038624868908663,0.18628261619457948,0.27603357610044366,0.14675389660032273,0.36108860938329806,0.245091490641831,0.2671299889692368,0.22037750711034615,0.14390387464510696,0.18194501634545232,0.22726281958219338,0.16507236745254708,0.13040954375112182,0.12387136736190228,0.27891822152538925,0.3084981509844239,0.08649437877592858,0.29658208595803554,0.24708932966327474,0.27478714955385575,0.21900071989845915,0.22761978168765934,0.23698788209417432,0.0850132801099538,0.11429305095600831,0.11213590567986848,0.09196911349669978,0.13247403482127812,0.1352226206558268,0.12631524702176308,0.18208541994795016,0.22635228633945148,0.2549163017892782,0.4582282822151844,0.4582282822151844,0.3609672780346407,0.2848095746632978,0.2560881001895172,0.12017683622936924,0.252499634699366,0.16392304214217746,0.13654331334662123,0.3412793806209431,0.389700940351022,0.37489841019910114,0.38877052641148496,0.2587305364172649,0.339348444741487,0.29068442980256237,0.2760148242608015,0.042842938309222256,0.19205476242823696,0.30344291160953485,0.2708168725178578,0.24555096644952837,0.30572737364757757,0.17014035624640572,0.19448775210888095,0.09261287308403401,0.10746531001699144,0.11062167444292156,0.11287690295557677,0.2773800841287756,0.30623506253396626,0.2928503355673351,0.18303323523353923,0.3315618267800103,0.24412722914374732,0.21789519630390305,0.20128186760688513,0.2227113348407993,0.21972453121695845,0.24481614412224437
original_gldm_DependenceVariance,3.823481666834021,4.485782815208636,3.7106941235137807,4.974988357266572,7.65213292112169,8.193148344508872,8.105579088708906,20.13603604673419,20.212752188758078,22.632812425131355,13.960839836311004,15.68383135420423,11.745482973722988,3.7457422238864035,6.765366707727765,-4.965710717148413,1.650876367558583,9.053040640394146,4.086634635295812,-0.39871075643024767,17.806128112693713,16.579265678931606,24.767757116377798,7.954938269396816,9.827902929676812,19.719585087489836,28.554109183846656,38.05257010167496,32.75576443178747,17.2775693687028,4.755197844175069,30.963706887840644,-1.2899777165352138,10.552921746444596,3.8019372662691326,3.4950126864978657,1.4422569107620316,3.64100123130772,1.3243817386608896,1.7304225514196752,1.7627296717214076,-1.2828945914889598,21.411467295366464,14.959515449109919,24.34341878174729,14.695001279293404,27.93590277143914,28.427721111599993,32.29406482552508,14.37523402296914,7.865968682277977,6.463189171453308,-0.266828068373842,8.709376191662436,-0.7854611987323601,13.340741108302186,20.1176126737147,18.94785918815928,14.165858134200878,18.1145826507687,11.895530938125574,17.26663430140603,18.79502066500354,9.473155809798431,15.858577694923245,15.601683857783772,10.63021565479525,10.567282948841886,20.949559237531737,8.97476117206324,22.60932731688426,10.017143391296933,9.686522361585274,9.107990644633581,18.097246817487715,1.7888754204584494,4.612638344441281,4.728166201671455,8.79160833603529,11.22114247881108,6.814188459923441,3.128243709524326,6.016610838057461,10.004799486177479,9.030922270343645,4.4844198073070105,4.57474847140792,22.77180575464456,5.724928804921022,9.422099083568304,6.530121751824359,9.64371734069627,8.861316402495094,8.63785136622944,27.910319706855205,12.670398046729456,12.02374682248586,25.59727343312035,11.405800315907427,11.64374459755562,12.379466624308288,12.80556696894414,12.085318363712545,6.508667082419937,0.8425273574299528,0.8425273574299528,1.0312077141478344,3.8115015227718274,2.2566585306844473,15.035576433419958,2.1687494165316483,8.275775484562546,26.904632339220967,1.5289660119151929,1.1023999702279816,3.3370162296998442,1.4275044101245573,8.377937918550508,3.2939374351630333,5.367120093655906,6.890535904389163,33.66284408958829,7.13591744362728,5.243409684769681,11.492848936094694,8.937168549160798,5.058313612901589,8.919975540201827,11.878459919404403,27.98919958790411,13.157439353154825,11.412597479805788,12.806596935871209,0.39671994103945174,-0.22435344754879338,0.17560561069457314,9.467554546730765,-6.428084908482726,2.0444197195445195,2.524269242379825,3.117224477888297,2.4285833430197687,2.8838647670559157,2.269757681635191
original_gldm_GrayLevelNonUniformity,85.34113102221602,80.96781585062382,88.20440613005604,60.67576324545121,388.4652979689007,397.18312468033616,391.1302160520376,236.68742908705474,839.0864784147478,907.9931440347025,792.2198846127367,764.6900769138492,328.1164981481479,120.94500376760413,104.80472929395665,-343.7666468689301,-34.94547081175864,-11.024845685366074,56.08946840699508,-118.43818369563866,1641.310622061317,1549.0256375655679,22.25333271471277,306.93019747515655,248.09907044759197,191.36046147960946,852.096932415187,1665.8215563877557,5161.209820152665,2202.0552658367383,-137.50393752613962,4250.313508977722,-33.194256733131624,287.3763163561675,71.8442757406018,88.12448449113356,-33.82190037447208,102.96425149785824,-29.512103658002843,-17.24609237997987,-39.81780979587381,-114.29867191200316,967.2500100919751,896.0290916181344,374.3798254471473,642.9823524187328,1533.196182181711,940.3992159356699,1924.6880185475554,216.7690799213362,77.11244578800938,64.00740558220224,-58.5873874940134,289.0363028553533,-58.20980998296659,197.4343681566668,450.0937957087748,1800.0736317351452,1667.1661382766076,910.5515812290587,395.0344250128006,564.0366554892446,1856.4471394334225,27.69459272452133,125.05865651045582,163.4884647029989,220.27029912929316,132.90068688217565,577.6255914510066,193.1936254504678,110.48478570195294,-33.330919567543845,-25.757977037158412,-798.0856126688204,134.57612674355914,75.91676256955282,78.91548017852654,66.7358655402922,430.2606251352085,41.153325993492956,159.35524382064676,-10.602263892659266,100.5366479417458,154.59559783425988,174.47034653800853,40.276206536416,34.468309028829424,6879.960058903739,466.5692345955138,190.0187297547872,201.2764719906217,263.70562429965537,252.54567716080555,213.76193813905056,1026.3734233264486,315.6750575219541,828.8328965581219,634.854166152677,155.62905880736577,150.24637714924495,196.10203180751532,537.380279619361,-50.42048399728168,-43.36792429569829,-50.94081583983365,-51.467174166238976,-50.317779677389126,62.77636568727905,53.67552894334949,377.74124249900655,31.141681438836372,-14.46667312679375,37.481252383739786,-25.08183482299654,-26.470054876615734,143.36393190452787,83.9313247555429,139.03288832662912,82.61406773779345,165.18737350810557,165.7788940531396,632.9230555404533,63.907538736627885,53.31390703910938,396.4609288741289,393.83546271118814,68.64774973480229,402.2806615052642,690.0530964302556,894.6773698499794,215.55621309033984,225.75737308150298,199.93383323000515,566.2990072054353,470.84006150816094,-35.39811640867407,289.5878940222797,259.9518383216904,74.42643124443168,80.15851457424702,112.8618129850123,83.01814358877874,73.47683234599913,40.754688384611995
original_gldm_GrayLevelVariance,69.0309800762083,53.50596975059195,62.87371495891533,28.30598589140798,11.327596235590327,15.20572771032598,18.55866007787897,42.085797454074154,49.105845983326276,9.048845721986382,31.163944296731138,46.822198870240086,7.356340519939103,64.32783982934158,114.87465399637259,53.15910284136949,60.993014885197454,4.749506401715955,22.397287037630814,125.10183789620574,53.40524541626426,57.34092390232738,65.17198580947061,45.83451713497366,21.359529772649474,17.72001587015371,36.469776101749574,45.48943524756929,26.236003370527236,41.514781928134106,45.11183608976468,23.472121068830496,55.02654187489266,64.66981447248426,27.40956839552592,82.87372738946503,52.88838934454143,75.07526990143049,68.35240960540492,78.58171240379914,65.09666887384675,59.56906019807754,38.33714218949181,72.37821368997415,117.96699571763196,67.23074147671345,92.0745874816509,94.9493776263128,88.98410875999014,53.14823865372825,63.315849164674454,67.72649732813251,100.6264229668847,-0.8680420411711083,57.400143080864716,75.8931663774478,44.224064429254085,28.723013328987857,42.66480527463502,32.41486766113847,48.38681561197819,54.21205106371702,58.01214350758253,48.54934553281429,27.044821598817947,41.57604693853715,61.635812161784536,39.28521441269741,26.413280459919722,45.79899161866709,40.35570048920893,65.12018279520126,67.37942773321421,72.10036848967596,32.04274057469554,76.51229128740785,27.530897007404025,36.875018825569974,82.61133506807937,18.831982795998854,14.240237125968314,20.962021651914316,16.112721491893254,16.3473149171352,13.758404232074781,44.652317166648714,30.452651232048463,15.58114702313275,83.68028771662564,89.17191067889776,104.02895761208151,93.1393523820216,93.04266534997123,95.91083879518439,17.371083441141586,45.66584188747421,38.0384914931537,33.17524830978501,54.772544103193894,60.311395511348216,51.52738198556751,59.983473870076146,49.22713969874977,31.38851559729378,7.3844562150786714,16.848111950077396,3.8715648009641015,11.938806762799821,13.997261203756345,22.13770328842426,102.65668103040227,59.28872066045567,19.291585016021827,76.88051706231846,75.58408021334816,65.36397197802282,84.67962218505272,109.38585311474426,49.90402020979804,110.54130046197861,106.05131077490518,16.282801174549057,133.169685034402,101.07442937462724,94.56854543345223,99.04501364647919,51.701641594257474,75.5418053884735,94.92521407626154,44.60373940989561,15.161377616920845,18.51524599489909,28.519888633581925,61.51589194560076,61.30749581748477,24.973228103698464,52.84557907268755,45.99307232839169,53.46627564947606,58.91252201585403,57.63311215687051,64.87965547670143,65.68723023784315,84.09554623340227
original_gldm_HighGrayLevelEmphasis,358.99420401670045,215.2577872240945,214.80295094726264,99.136485261276,120.58010023377142,129.25663491110112,137.42251696893317,585.2654150488484,1425.1363483143214,195.92232934231498,355.80660766819767,397.144857628461,254.72222995662148,468.25319905689963,681.8551377160052,-163.7061682947908,119.08778983204456,178.9520347295534,151.9985783638959,362.94530216310966,1251.73582811827,1229.3763087817933,395.51431461050674,29.285789801160547,274.93036241535776,254.54985279013917,901.8835265964404,1835.686157266808,1546.3587624541574,477.8808848710621,-124.53653427757388,371.31966190369207,350.7825341874914,304.6173976209101,145.99202911096603,226.14583902044944,104.99532535545865,205.48531182707296,108.13496409379024,155.2335962837957,132.584346967599,163.00370518973034,842.8982276158426,1038.4547549066422,721.4895293104028,615.4771598946595,1007.0676397016911,817.3377552338568,729.8615461350369,401.91562018153013,377.5629742501136,834.5253660050467,280.4660199947001,109.265333821855,201.39852240743315,177.31286567597238,147.33957433274793,1502.9644461997264,1584.9589520756726,1520.6972893629718,1402.5975119014724,1456.0104615615792,1920.8975715948736,364.37241589571755,164.87748951086496,276.6466100939874,320.4584462679446,248.88741813646925,455.57108554745673,327.80205854800704,330.15729379249086,224.88702963926477,248.53713182065565,941.3248686222237,192.66020897609172,186.51681712264823,107.06224146155927,149.56221174143315,617.8504411127792,239.73051182783342,133.5493082751002,96.95211001966777,63.95033763286369,66.62817383392479,129.21890338843417,172.87211725933992,107.1971675478652,979.7751978234816,880.9755553029215,463.74215963449205,542.9365725032926,484.1321078813442,415.8495630001214,710.3484217121947,329.5519572378637,303.2118900865589,367.22439072973515,380.16918262154684,311.4675092562554,322.68992163875896,316.4953179988698,833.8270230093133,254.94063158216554,117.62397259039534,45.98856809031565,61.163484048393116,34.63136238568745,88.78622592421908,17.529326904293498,-17.862742492446046,760.4776079035439,267.4108279912974,113.81895511351632,170.29625670500138,277.86946687473346,251.87234879084497,370.00400725819594,708.2095675444704,690.157701979269,425.49661208111456,1180.1259526130834,293.03834891493375,486.0484547786883,419.53490018721186,793.8437281200606,673.1134911637846,474.6895853291488,524.8132531840085,880.7864877729459,1224.007443789505,255.96976819307963,240.76159527488068,289.339158619571,129.15979392006193,182.46728021371905,149.83297106783937,229.22888162089495,-73.94282948342124,162.58145831823168,179.95492639088533,150.23699157744278,177.71333809489522,165.57734087295938,186.86342379181505
original_gldm_LargeDependenceEmphasis,12.286601052465898,12.724754310929619,11.568353323757332,14.218670713980442,21.893049880593637,22.333868540015374,23.361155444767306,55.09735718280987,63.39579804346798,71.9619269995162,44.63172296242442,46.07505500460053,40.30646333922007,8.244544283168423,3.4751788004405597,-7.53837011927131,6.323937410077701,24.33346019833755,12.494133128805238,-2.300837852441454,46.392834285994,42.99956638184656,55.74527534732128,22.044468939321085,27.690362685545395,49.79782321175159,68.87679972366217,94.54207780614081,104.17415896078462,58.955032912069186,18.060154075103682,90.7054584888009,-3.682748953139548,25.779677614079965,12.005617406521033,10.607718597291406,5.7349649912207035,11.352204964002784,5.76513626074701,7.221433596345804,6.89230110065391,-3.937284067714824,54.959406936002246,37.60459689021533,43.33147145415604,38.218741817181524,65.19262080879858,62.49490970266031,77.33208096487736,35.632958507762446,20.929504121993144,17.024125789888124,-0.4071771130458579,27.346088822003864,-0.48528462423681873,39.44331869436223,60.06117705570253,60.68173259153829,41.080128903331605,51.32736836122494,30.898267170215767,43.9991841192825,51.93326769827331,22.283325746085886,41.92375415455763,38.46198174415967,26.602004557739743,26.585110130319332,58.638292526092556,25.55483135132394,58.61613936972749,20.616384241091502,21.53575519529123,8.624591646739592,39.0543076131222,7.583953603744298,14.34524572653309,14.135477071674197,24.421235997011106,27.65979696078252,18.913710628735508,9.964314742683651,20.743017994716414,31.45605847733883,27.29599529051254,13.626944245084564,13.70598530059982,89.24206315799023,16.324036136074973,20.409762799064822,15.584090179538462,21.43704395331809,20.005320228716585,19.414136827112838,91.42080145938407,38.74263600447351,41.91926081808504,75.00953720954347,30.591806380347855,30.30445783064147,33.8256647665616,35.04871681662052,23.739114619886045,13.936031311268916,4.2438933027948025,4.2438933027948025,5.063262820758897,12.367130083524675,11.395151195464894,40.7691496198667,7.9065811507072645,21.281167428164242,57.26171750445307,5.762056242052921,4.827364745479429,10.268674252978066,6.729487244911876,18.292651376529783,9.847606356559737,13.966879731511295,16.25094347652138,92.28773453484858,19.193608595028714,14.55986192411815,27.640282771906975,24.218835112445255,13.368955918487709,25.866022750934203,32.514012197828585,79.86344690186046,46.339130446563146,41.474122485332934,42.2235751195174,0.5664281540685359,0.8468766271192045,-0.24567736700869958,23.17003643650468,-10.58095762603035,8.126814616201518,9.558318051024841,11.052700028247575,9.326682380582795,10.06713400005254,8.282780070589677
original_gldm_LargeDependenceHighGrayLevelEmphasis,9014.033395828614,8243.039512091827,8079.572125045592,2850.253957111887,17085.640993630113,16855.69645143311,16970.76971463721,28830.209828440016,70892.65912222225,15912.259594555544,21807.23501309294,21509.113528416747,20600.899165049257,21122.58679402876,21450.643219447746,-31117.292830068563,-1894.1458485018666,5077.179764966741,8303.316295688537,207.79735136347517,74555.09309644297,65976.31719111517,33913.93332106162,7558.256942812581,12987.283074696152,17588.71644057089,86434.65465277086,164056.99405178262,141236.34592192716,52345.29419498377,-17673.186956359885,36219.54764093463,-2135.4000345493478,7938.898783603052,7998.524196393302,7893.391732166734,-1908.547070385841,8013.735824998055,-1966.7421761994228,-1710.3372563724042,-1700.2007339955744,-3458.5764233739355,61726.039822562976,58701.355216148004,50234.07955053156,33285.539639526905,91357.42365522595,72287.24396831165,80737.0569770814,20006.590770885596,14340.631170559252,19189.94013405373,2754.7364956047713,7507.722791892958,1195.7470095251156,1251.7380199643594,1320.4080324274764,100409.96376867453,88058.6944400219,89880.35692971652,49173.17740890611,75305.04231778819,120720.67480233316,7109.959977660876,12934.785320671532,16661.213809462643,14096.966262453116,12888.324212904288,30243.894567410633,13722.024474741505,37904.83746850304,5348.694683209029,5240.657826506882,29222.179393397415,14740.717087481124,6727.725716081683,3073.3161967398482,3464.7152364517933,20903.24048905785,6080.321253864544,8608.733859877055,-1503.1400858332636,6926.5400271553135,7462.674842007249,8701.835739035205,3680.8036970994144,2877.49051319902,100488.04042824105,19441.5743143329,17758.67936522929,16236.142613822507,17908.56484190235,15584.98775795084,20247.516983903613,34304.675613742074,8220.435163312333,13360.634399596425,32799.51261590143,6819.087086764264,6676.780660984745,8269.478730560304,35037.93414520158,9809.891756199047,262.84574044364126,-2111.5889373791397,-2092.2844305835133,-2140.689508657044,7657.890823669426,6110.075551392163,23154.61677368136,2128.781238139454,4258.005135690048,5677.533071518221,-1462.9533708822019,-1385.4604889559414,8267.33116404827,7626.224345769042,21011.089201032286,11386.30510013123,11101.149509038132,21308.20529306982,42075.60963402534,8959.903879923922,5467.452037961564,25469.284595355275,21603.335489031175,11335.613656634641,21252.902051501376,48447.665056525235,118472.04187633093,11686.080595236066,8150.3885458202,9424.560883392165,-3427.8427055823886,757.2487340635089,-2113.957396485719,4832.452746719122,-32711.906052629714,-1555.6121973783993,-1349.4990923755286,-1519.6429072221617,-1463.142079389836,-1527.1872139970037,-1589.143543631486
original_gldm_LargeDependenceLowGrayLevelEmphasis,0.1420207426454495,0.9259582451171955,0.7100150383152499,0.7662419562910816,0.4758771952097919,0.7243042060474447,2.5497968964828828,0.30822177300358533,0.10725253526360634,0.8379153667377596,0.6070718144467979,1.3355419055070772,1.8046133708762895,0.2082662692984985,-0.7333842191565098,0.6825913004588953,2.177671288595264,0.11617579113821697,0.33615356911996447,0.69507721377399,-0.022922433129021313,-0.0081777436960625,0.6718619038269977,1.5592549479850324,0.18938501949890646,0.34422464609951997,0.027870782958246076,0.10198767044251922,0.25358815375566873,0.6663560783452442,0.6875026864773672,0.42073093974623077,0.33455538685377006,1.3275110856887373,1.0732268368516045,1.7596979154255612,1.340247727922793,1.6607913472111728,1.575936321762498,0.8485747181716203,1.4826757137247886,0.6584893735002726,0.6278674157324262,0.60331127011932,0.25310153932273394,0.622806768391972,0.26594831181152967,0.2801909345849465,0.39070790136612754,0.31901506181831346,0.3195369720935824,0.20887236658752667,0.2968055428065269,0.8795999643541887,0.21185552146486647,2.046782902144797,2.4510057230779836,0.24899186885290042,0.017121093376581964,0.24536038778046587,0.22050882594277138,0.2677824564888353,0.3239467078751505,0.28366971635226446,0.5664568958532169,0.4148114476720587,0.5804144400415271,0.36645444502517516,-0.030495017338843966,0.39691525524213694,0.687441040148748,0.48780230617157244,0.55721632052378,0.5794067197606816,0.4458682177586264,1.4349438160724945,1.0934201457966222,0.6656660144785271,0.448150677506878,0.33910834434480647,0.557276694037869,0.8071746861498605,0.8001578940621121,1.0748787988173085,1.295193901584995,0.3850825693611853,2.200819326817568,0.3177092942953853,0.6009682735759414,0.2679221454071844,0.23724668540022842,0.15563663893912122,0.4942695683738792,0.0640844753717561,0.5893006946534706,0.4546134006691095,0.5705187389539439,0.5103997825611748,0.4227328613691296,0.40026273375486554,0.4136998078285528,-0.27041129159617117,0.6058253809053133,0.5618857082605943,0.9962653890833167,0.6906884663159143,3.0998689607827306,2.9704962153845234,3.565789266202651,0.6878753828129223,0.20482860256274904,0.36066951047644785,1.0395336611840307,0.7398733035124276,0.22667192973998618,0.5596196892914723,0.2677396212362009,0.21989380836498162,0.20278877199272288,0.5871634252490097,0.04524672881806613,0.22319363836342504,1.026475745269748,0.11441906239123645,-0.03591065757976686,0.6273819888359475,0.1202755664277908,0.3962693363911137,-0.2738455654596337,0.2783737491998817,0.7002535278248952,0.7397964430769194,0.6689128578739743,1.3533065237608812,0.43470446210497504,0.6642318069353657,0.19747463467768733,0.6425131743152247,0.39568917081853583,0.4040489450038732,0.5984827393905832,0.4129019077342605,0.5290595507533862,0.4473514893234024
original_gldm_LowGrayLevelEmphasis,0.005466591134113755,0.09525700977835419,0.11262498623135664,0.13204623348970124,0.12471950825690996,0.130748758840815,0.22064291421553536,0.015054856812890247,-0.009839420697429782,0.004374707242596684,0.044710947656972894,0.06990092556723786,0.10493068786167495,0.07758730891401269,0.02517933551238498,0.08740829929945143,0.17377274606932724,0.029970264372770873,0.10444773999124879,0.16097776448222376,-0.027208008434983985,-0.026923258334619393,0.08162385152615745,0.13751530155652075,0.0026007821579304424,0.009069822742073137,-0.01286757159325884,-0.010023033272460027,0.013053523905642128,0.0632513993600846,0.06660667272390347,-0.001557456050282957,0.02555043313728874,0.08007779324847997,0.14227577825431273,0.2145781677785917,0.15491569692347332,0.19809726415683077,0.1964153751849638,0.06339788862413893,0.1409284388442767,0.06578131695757683,0.05224838972244827,0.059176717739604257,0.01766376786181882,0.05372883428547035,0.0167052350448441,0.01723894313947455,0.016231173304751545,0.03241721900650445,0.05171908612151346,0.01630298690742628,0.13293322633612414,0.08783149416969684,0.15226939468701212,0.07445854472688777,0.06371204558118579,0.016196086942311665,-0.012986610280934174,0.016463267516216497,0.01632306748933912,0.01678120075525577,0.012215657451690974,0.0196669238339962,0.05527880124850845,0.05289232568754227,0.0542937258244284,0.054282795590328496,-0.03935728900979782,0.040101315228829926,0.0645177828968287,0.0670986369475502,0.06304212398755354,0.063527451223382,0.05806894184748231,0.16148912213817082,0.12560578573334405,0.09509199883662847,0.021674995173480455,0.02042128471906112,0.07546700139513475,0.08378902994587718,0.07851777109035091,0.07700623100533904,0.06876096908790935,0.07217608854317237,0.1815430885455806,0.016381169402258977,0.06222562260724824,0.03157711421344476,0.024036354683327536,0.012042590083910051,0.05988147599745218,-0.005835262930328405,0.022147491626175464,0.027256522831816003,0.03669216482960733,0.026042820618835595,0.035202834756258,0.03213873534618646,0.031960946705128175,-0.008591619351607419,0.11407111876390244,0.08183732465900559,0.20628202664752085,0.1735609925201807,0.3782422360357673,0.2901349587657671,0.3473119969905242,0.06669805959766528,0.01732673425699932,0.0362546519583362,0.06452910419299289,0.10968755416272599,0.023527614517464997,0.1123856100803041,0.02682384494630817,0.01690474169899881,0.015530803853965755,0.0730319754262564,-0.008548689549997476,-0.0075269393392682765,0.07238489523334311,0.02742852675166866,-0.002970053629875652,0.042616336001284914,0.004502040800466643,0.01761955897130145,0.025476235889193198,0.01643958800373921,0.03652165250603187,0.03676817070123693,0.03363187748153622,0.08438343992297621,0.08701064562806826,0.13355531326695666,0.06565663046425427,0.06969102267093716,0.02938631545191133,0.027202360497712595,0.03215410609109108,0.027753796912973847,0.031145451058689086,0.03119355201501863
original_gldm_SmallDependenceEmphasis,0.44477899112004987,0.5101380196940768,0.4938539127156178,0.5092097886542776,0.4421609416511866,0.5097090223516779,0.3942915256700744,0.21157743768922,0.1397623638895881,0.11332421921083852,0.31094087802586534,0.33360155652330437,0.29830467322009957,0.4173779920529083,0.551248156041029,0.5465902912077945,0.5237570461776555,0.3341366143655808,0.504868899188829,0.5818751425056116,0.1987097602873318,0.20559724382857972,0.3749743611477844,0.430311475892258,0.2703911636021899,0.23013114671091114,0.3234177003509128,0.18981152985018737,0.1343561565891349,0.27138773877001177,0.3565568310605677,0.1473748992717833,0.5217422103505245,0.45032516135722667,0.45855390002256324,0.572372929441592,0.5577049436475467,0.509565393068947,0.5349682665892969,0.4413057265587062,0.49159283852871427,0.5653597258948804,0.2893034294905191,0.36900376218489356,0.39297614665753805,0.31099023281961047,0.29349645313043315,0.3132268046813505,0.33956531438540943,0.28725777850337747,0.4029405405418926,0.44176020370749935,0.6022508777228333,0.3279491976364385,0.5425517154056487,0.2586517423604374,0.23090467047845759,0.18248419324449566,0.2794517660241822,0.22826742645122314,0.2829762184749249,0.2672427384109682,0.2612740690143807,0.3606430800819357,0.2440622828871345,0.2976198884693798,0.3162947044505885,0.33749134323832475,0.04721595654995103,0.27408489580099227,0.2795992789379473,0.4260369085859689,0.37886677272712055,0.5189393836873446,0.34447350515238956,0.560472189378034,0.41534493202368195,0.46887183484107553,0.4111598991909703,0.2943825711350982,0.37151660754521504,0.42439259521530065,0.30458450822998473,0.22480404501439546,0.22686993845342826,0.4830909203973503,0.46832706420698617,0.14888278009877928,0.5014197719820885,0.487206599743667,0.5080977972361999,0.4386042116848894,0.4475731180410398,0.457645526450453,0.15717144567657043,0.24467112408441205,0.23307406814566467,0.1890718960473366,0.300589858675241,0.3056971106675026,0.2871962566536649,0.3342778264530245,0.4583503978872554,0.4840317835090186,0.6447168631834479,0.6447168631834479,0.543969657988215,0.4243644203060629,0.3636499651616499,0.26316953036319435,0.4651496662851532,0.3524685547373662,0.3323258398774441,0.5823005299775444,0.6279033460832426,0.5750854542181266,0.5951823705899572,0.4819084845617574,0.5588217517442811,0.5109636509720088,0.49820434400840496,0.16451025007262898,0.38461254237909126,0.5246721750354097,0.4863878963569836,0.44893111149358045,0.5262689122669119,0.3185008561167063,0.3686095945242587,0.21275004250285215,0.20206040902565453,0.21438062160393243,0.23038082917230326,0.4778863089867119,0.5160397668278932,0.5089070071242239,0.35324700701782585,0.49828091239508315,0.414026556520325,0.38427751159127993,0.3669481816078715,0.3828646747962201,0.3825413068207816,0.4431934660396569
original_gldm_SmallDependenceHighGrayLevelEmphasis,150.4605370441567,99.73057899182245,104.77998862458467,52.37956630026204,21.15934925997,49.25721363355255,38.62763115972287,143.0257482887709,259.8517593239318,24.36443923683447,76.82912131609493,102.2681924266455,30.205368692346042,122.0006613843649,284.6227949226511,10.184309663721407,74.73844703163125,34.41110712043117,44.723218895892444,155.90960380999016,229.39090652217376,239.8016535399484,67.32208365801552,26.097308627905008,55.11825587412774,38.32483031521565,208.8459925459481,269.6667706447015,157.01590789557923,63.0763605578612,12.793465157111854,37.19706858056726,205.32274753948167,183.1227486408747,53.1987186990829,140.45512916081515,62.64799273933633,97.2003567325969,74.81095320525625,97.67488099911692,76.66436159757501,117.38061580599835,206.87326571472244,285.9046221019631,221.78619654355006,152.49810786681775,204.7208380363072,177.47362220614679,141.20841334732347,78.66923673342541,91.25249312392592,276.076618516238,127.53961372279349,30.059252135861428,72.43302219548202,70.16897063547106,56.10998630112107,233.12707916050954,377.44774099834683,303.9545692428489,379.89043210096565,348.0216377990418,428.1439069841014,123.1972841473927,28.336031611373357,50.64898416303441,78.8887297458027,52.77193336691586,39.618144766979,64.90475294279472,19.063311434000084,64.25314263086653,63.37989410194772,293.6858575302887,39.93891784109071,111.9788584445742,32.04522768193256,64.3555117998065,183.72715477851128,56.03187340573834,37.37391337199685,35.882360982121995,24.296580760510523,18.354099638773505,29.7358377875416,56.18719220735974,37.28907051386123,96.75460620509212,272.759585792506,135.65597523475242,173.7810684251191,141.0784121075944,122.1623609011459,235.28410900855653,30.463435048082175,87.735907089455,96.7324190847431,51.84740610008677,99.05290468834743,110.41935155899405,97.10895559190811,220.27314686893592,66.1909963034779,39.14226722565904,19.321197762159898,36.15538820830734,12.062673998615438,32.321480789624246,20.327098288596744,-26.389130295664316,455.5815712876129,83.21917732942471,22.24483419736403,109.4589054617098,197.04893956220587,118.37078492671219,195.06999372375714,246.5286091134235,329.08995328671335,183.95497995122423,511.3454744408221,15.441810849660087,250.36105335356842,254.60028471563254,272.34309998949885,237.9294562405608,193.65419662736258,142.81977215856892,156.37368246852532,177.91856597128123,49.660995078268726,57.811101102092124,85.08998982791289,82.98051443983469,81.99629415060713,47.65457374822671,79.71432206558387,64.58774970929856,90.04000238608387,99.50438903788354,86.93547911160601,104.90660504395464,97.25057112920507,124.98041001142818
original_gldm_SmallDependenceLowGrayLevelEmphasis,0.0011694140398224445,0.04336269230841206,0.05892583794828899,0.0798952307968898,0.0746703860870376,0.08705514725567295,0.06421320900871348,0.0008174418145895923,-0.0074802330470737435,-0.002814232923225711,0.02360227803370988,0.026872116912488114,0.034982506162933566,0.03376568262504275,0.030036280187030175,0.04473878410247292,0.06796361228927535,0.027957404630975725,0.08876718967204955,0.08688982040206292,-0.012143376448209252,-0.012082409018059286,0.04146554645535913,0.046192598103886734,-0.0008332242778982327,0.005032736540649008,0.0027643811988782435,-0.007360404605612464,-0.00016378154580894144,0.028950172543760044,0.03059098151395989,-0.003767595888193427,0.0077589717328198846,0.03239869414671394,0.06169174949762906,0.09285844266078522,0.06214864737767877,0.09498239466209946,0.07788498306573623,0.021945414890735575,0.05691665124112728,0.023046791529342588,0.022174242045310703,0.02711999168071106,0.008061440192462174,0.022642292204939112,0.007469974636377885,0.007715134096552275,0.005558582559357882,0.01946784181150649,0.03663092721964689,0.0038498123760125243,0.06355528268638082,0.034124486527724825,0.08933583902941654,0.010396971362417639,0.008339435348585514,0.007146466807905493,0.0023440052834373115,0.0071771762324711955,0.0072591376301553885,0.007293939402329544,0.002935854072278022,0.008690805356764263,0.02996935460843806,0.035553962370358336,0.027996505850121315,0.03889871789651982,-0.012871729295666684,0.0209732614565495,0.030849546014937876,0.03906516370690058,0.03183035331258446,0.03001416429500279,0.040623342955279515,0.08688932108045641,0.05515598155169299,0.043750650005823385,0.00639218251790007,0.009018023892539227,0.04792149991086815,0.040032229374116574,0.04388070268034632,0.03696764168696722,0.019230456449852745,0.04594790482039786,0.04097439097651326,0.007137638145962185,0.02873322845056571,0.016926635126882195,0.010106759192110522,0.006842595137080056,0.03453698418203365,-0.004470919050654172,0.010130734164317569,0.013772714096113678,0.016883927536770427,0.011905649962749978,0.019268085382199554,0.017283265153237186,0.01690419747607409,0.013510947464595063,0.06475992101818104,0.048997035790905266,0.11414830608779405,0.11927244451247623,0.13826347579948714,0.07671217705427724,0.11118823781049925,0.03097031711791617,0.008031141585154892,0.02107094611389611,0.0368102499330801,0.05772382392586826,0.01207330465780266,0.0708118637881125,0.009556058721969417,0.0029397245207897008,0.00284527881703852,0.0391751446932821,-0.0060620267430258334,0.0022982782682740358,0.0286490236435195,0.026072053245566783,0.011325966127958921,0.007834339400927738,-0.001524058737472446,0.00019468117138320487,0.023032137678283923,0.0072399592011686414,0.01509167810011709,0.014207696397643639,0.013826907150005112,0.0215770345309722,0.02847781061618192,0.07407031471022184,0.035494824901894415,0.0315857806570738,0.011629617316680281,0.010489427700834109,0.011069132383327566,0.01049703114147461,0.010946474470984416,0.011787102862335305
original_glrlm_GrayLevelNonUniformity,58.002228851762936,53.83606454291791,60.54937732708774,37.12095237120346,247.90663749402833,256.0669182442578,249.67421578055493,189.30660698926846,609.2671599875193,609.5126497075807,521.04537277109,488.3959740694657,220.37885236218,82.74078989644869,73.62075674870982,-211.97644344425413,-6.843714673152874,-16.207930597235475,31.218563660948263,-76.08106141824913,1140.169655277345,1089.2277598336673,-19.313678596322234,189.12052812379096,189.37669708767598,127.35244490060833,433.6040853812205,937.7977160666476,2991.123741979544,1311.6419022308992,-15.007043398412861,2580.9966107996834,2.815950825981247,176.66608108118191,45.686358041983794,60.39980496103104,-5.378965361065923,73.99829290214385,-1.2874452706219586,10.061118228580483,-11.572991414843273,-72.70244704343713,603.352320223737,555.4171921970174,264.5128597642478,440.3331707292543,855.9640540360641,535.2226924196266,911.2336858604965,150.06201742246088,65.80144120811298,55.85721629263429,-48.067644109350965,179.6759636155572,-47.73378202567483,116.8198786763248,247.20401749765728,1191.1399217842031,1200.055256402699,680.3655992826438,362.00120930008836,447.86354482489656,1339.5396802616337,46.21813880121715,104.16678086221239,133.81715233168967,174.34165031863805,112.38987616747079,408.7239271588112,148.71534633355486,44.25821340881683,-7.648940482083731,-1.990781932197251,-464.92581132374846,109.37271350372328,68.10559386397031,53.21916477645186,42.597479875945794,287.5295250330142,53.80394724014499,121.99808564114423,15.988177310256617,87.19870792391447,129.8357241398594,129.99744008442863,18.832536893653412,13.44642983614267,3891.2421529815324,327.4687144987268,164.6102678148532,180.3140543511974,213.70408991593962,204.78987287600148,173.39053664933277,574.7365296383259,254.91190686232292,587.1770965643968,385.18420937434814,136.78561683611903,130.8366618211228,169.19650590500447,365.3521702153665,-38.026689248205116,-15.526614632652468,-22.35115214447336,-22.899572399702038,-21.7860921143739,37.07058248291847,47.11412308335724,227.00398384043234,55.68306384949037,8.545335183490863,32.07135912622837,3.4853997740283944,2.3275927492813366,112.58315371782058,76.25421615325328,123.37965299667394,74.3700662211061,130.9922164829397,129.89608629257188,310.2136864954159,37.55807580486737,29.97775053109646,254.32005197119923,252.72627564369918,42.610031353709275,260.9432420310674,475.3670028119973,514.6358415531861,156.59949588857702,162.02100860540546,138.23431971113683,517.7613814394037,410.26366632932985,-5.186203646292711,199.1895949712404,232.03364190290296,96.96814820172798,100.14515843486078,127.7342047524684,102.41885429427421,92.67088165774325,64.01955122079679
original_glrlm_GrayLevelNonUniformityNormalized,0.047511708019507076,0.05835387209604069,0.06424395172120703,0.08216225409601903,0.11043394481817032,0.10781945039302795,0.1232900087273256,0.06728772954140692,0.07035228883227392,0.12897682230834456,0.07260253814683049,0.0698552853799851,0.12903059775234996,0.04935415127145602,0.04100721558595172,0.06677678797935865,0.06242272462183522,0.08757594773813271,0.10173077272072804,0.022423598529772777,0.059032583569329194,0.055943249535432865,0.07514062945417894,0.10926840876122323,0.07787364139569805,0.10482783342831173,0.06962651009437792,0.0950651196754849,0.11087884484263373,0.1082570172630847,0.07410747756350317,0.10653432926469222,0.04441140908894378,0.06038464115722615,0.0790126330558169,0.08117925732798002,0.06729316325415359,0.08341016992839567,0.08291021138288673,0.0564138392709244,0.05598031594929905,0.059548166938196555,0.07977843639821446,0.060375105041102654,0.03941214233080648,0.07055464850437089,0.057504507173968385,0.05380912201446211,0.06406942853296847,0.06559831969484795,0.059275634465923606,0.05430756058506908,0.03193662939841747,0.11557352411418713,0.04510484587210982,0.09813073210307056,0.12434757791922846,0.07642206093731833,0.05793423531163857,0.07075805588606633,0.048774536429137774,0.05642796187665068,0.05176521273580201,0.04519021842901895,0.07159980742081451,0.060187666185352894,0.04135528049658659,0.06337635309455493,0.06208607648574781,0.049020696018050175,0.07967936460509933,0.04564209180303275,0.04525202649973648,0.034745378055356164,0.07175890742568466,0.06108199267649694,0.07662148471765222,0.0640032167761894,0.044112261094100894,0.07131915274596269,0.09311784634620933,0.06515230158251252,0.09696239047461279,0.09741024875333239,0.09330395098975355,0.06772597005892328,0.09911081482063473,0.12941077775148913,0.05923165176214398,0.04454025646828001,0.04141844755905477,0.036655836678600506,0.03829738030212921,0.03476680295122868,0.10775555553452097,0.07554515247448823,0.08672821782903709,0.08371872722676763,0.06177416495773131,0.061489185710264196,0.06578913241589285,0.03547150649340608,0.05681206398866373,0.063116005870739,0.11500929390344818,0.14678701046292197,0.20243350432348275,0.158242825401953,0.18305785934193652,0.08550826349248541,0.04388318060410773,0.04615996068704457,0.08323857196786809,0.04359062662571282,0.042753255457809045,0.05008845242675692,0.04645999072580212,0.04132362329735296,0.05936196680604042,0.036006262480702225,0.03659997925084707,0.1174266325610552,0.052561047919229456,0.049112322218681226,0.04343910144639761,0.04392341999692298,0.04949286549803507,0.04385539805682415,0.04115170761053067,0.07468173983507172,0.09925517873610298,0.10560867975459104,0.11433825897656928,0.10032783369689938,0.0736873736218488,0.06038077089336455,0.06298576658700764,0.07705540323574203,0.06656588906663198,0.06959236080661439,0.08147495990159792,0.07967120709572804,0.07639402243067103,0.07327958779421032
original_glrlm_GrayLevelVariance,70.77212573127548,55.09082834045569,64.95814730641169,29.000177393668064,12.80379134389289,17.17610931926857,20.339935735997926,47.251487989606424,57.732127608900484,10.843079186758786,33.61054668152829,51.369130973696365,6.457078853339233,65.6350965578499,117.22617788288738,49.05036292708648,60.304346922939295,3.6523526802996003,22.919398914647534,123.32689835389107,58.32887406600684,61.94003146859952,68.05601449727243,46.66524098535201,22.524925116464175,19.44388111334122,39.084721715244854,53.54628961182862,30.809246795854065,44.91896314030569,46.47456890898334,27.591944503923447,53.64356104995673,69.7015257959258,28.17379284892126,85.61220100007804,52.21850024070224,77.131978252167,68.43121653570589,78.76623734713468,64.20194476089445,57.93895794016568,45.406828864325135,75.1411465697972,115.33877050171182,70.12162677816914,100.14011462964758,101.68911233108808,96.82624071912744,56.34305790575479,65.95591949212003,70.50620801421516,96.56749512421352,-0.26216583416604067,55.28184862065191,83.17861752238156,51.4723395909451,33.685522366670455,46.49257070044095,36.42667034206644,49.2540740340042,57.52411651878109,62.102134119425656,49.44378037945099,28.6040398476014,44.39967773203256,63.178018086503705,41.28166141671636,28.883939297090745,47.38813335610475,44.13021338827084,63.280662017483834,67.751235789702,73.18528652029171,33.350351597497735,78.26071041427679,27.61603842243074,36.541949609825195,84.52265154898305,18.29432412390569,14.866651303172624,20.508917547379284,16.98511393383435,17.387641633321863,14.699984398543151,43.98823574284547,30.395116714895153,20.000836331225663,85.43660954757902,90.15784466684855,104.83889082564221,92.93924892971312,92.8027689909466,95.91775034260792,20.990364472815955,52.99923280268994,46.252044642158694,40.08100639635793,61.59088754186746,67.95046385189528,58.539444896912556,63.053971394368475,48.03215846873098,29.39516938157063,6.520122342418986,16.059542250368352,3.036995192193487,12.49518934136237,14.835834622361503,24.282602832141553,105.41906045859146,61.83977316481455,20.0001541424056,75.37043639228045,74.45457259045112,66.72751113972899,86.35196413209485,110.08088298769002,51.55582912591024,112.82027988493367,107.63159691664288,22.108855826377834,136.10334477704052,102.57343787691309,97.25626535758144,101.19469579596566,52.198850805178274,76.69946112010172,95.13945860782093,54.36366347516555,17.419709429716193,21.450218752813306,34.81638917497946,60.477167290980695,59.382419050910094,22.833386028964803,58.62409070365459,45.30745861151271,53.34033203384464,59.25449930840033,58.69179718597871,65.70375813737402,66.5114841636977,85.01110469182117
original_glrlm_HighGrayLevelRunEmphasis,357.81405491236524,215.15878354760304,215.18009420449613,99.06904967099115,117.86907632744976,128.88611539322875,136.70240772350286,592.8249572407514,1436.798976077574,193.47492953932934,340.6769569293504,394.3364604512571,217.62888369055557,458.79585962354844,697.0514932370124,-135.0996838871029,120.62121902122612,169.9036424114137,149.0690136314135,355.4076246728602,1215.2706963702144,1197.5194295108552,357.59004316489865,17.781102893346997,267.17028846225537,243.4715749948481,850.8336099736877,1757.2127816706586,1498.6395318003301,465.2404606446713,-118.7718192148298,349.8298358760782,354.606697226701,321.18609895851586,145.00943373154485,227.62466580476342,105.74431451651486,205.7022046108434,109.73327268891677,158.02489758290437,133.6641357533461,167.90314157474566,809.6694973021486,1006.6291530730557,661.8613398575847,590.5239789439892,929.323389163982,750.0823285564716,658.2985750046026,384.8058963708831,364.0910123881457,818.7318862853685,270.84207175351094,100.75964952328786,195.36489430087616,187.2467801932163,157.2648488095017,1496.0258939535865,1557.6916187774839,1495.287381004018,1381.6827048766154,1425.1993416759242,1883.726204055726,357.76339692032263,158.94011344088153,265.9906807776634,311.588653963709,240.59919528239135,437.14856176959483,318.74398267083,297.7427797100603,211.57119693397803,237.45273572146087,918.6251509291938,181.69264093956258,189.26430700370096,105.8370499216843,147.50038201037063,606.6188377848109,232.22332119353405,131.75993877324578,96.81142516659179,65.7096360214527,68.46458527940928,129.1588508087455,169.03147919460162,106.49845144200441,958.9800843604955,865.4252843834104,441.838574008602,521.9348327171884,462.17522858030907,398.1639092838035,685.1178585032758,313.71576625816084,310.0970921873812,377.94283047927536,364.7726980522249,313.2740220938525,326.1973341382578,317.7584133177526,825.6147586793425,238.4384477524948,112.63741382083037,46.17947398945188,61.573331713079824,35.01801123663523,88.74388917287393,19.657444866742708,-22.029422810719325,764.697225138242,262.365339316428,105.66052293177387,169.8843758653678,277.5279179286226,249.9590561826079,370.14793395938784,684.4071989389967,685.9302924172869,418.2601995441574,1156.9596187309737,272.9401661528728,486.106076646711,417.20652694314344,772.3118831132892,660.8969981049534,465.19248079577864,513.1495660739276,843.1480438772305,1176.6931308527705,256.99234480328425,246.7687881550791,300.02693790795576,135.77014902024774,179.2124166912895,148.60131640461196,226.9214941661245,-39.278140424080675,165.2739865149232,183.81215314637296,154.95048422205866,182.13730600421212,170.2404024137958,191.3984513641233
original_glrlm_LongRunEmphasis,1.2400502134491571,1.2289978666225663,1.2186429514884027,1.252891313763012,1.3724323826293463,1.3670478296331132,1.4091494638364181,1.9045266881396299,2.118821220447069,2.2452392631014875,1.7678669564485165,1.8034825202711917,1.731063474680317,1.183842739235543,1.0375906831542716,0.9376036409197503,1.1428813852034414,1.4372795846284852,1.2334763449416903,0.9922976222851809,1.8186688509210662,1.7882586813415142,1.8345289123871118,1.4151802772069524,1.535804877365651,1.8236839574941377,2.1100694828554754,2.546832338182842,2.810190916793262,2.034149563972492,1.365899248626914,2.5452806558375602,0.9741847283966687,1.4450503719086492,1.235206806797309,1.1910093577764673,1.134464379948735,1.2107678098591186,1.1351035420465712,1.1687196705237737,1.1577236147012373,0.9664128213143535,1.9192694525655118,1.6591322003129227,1.6653459077789503,1.6574347307886423,2.070917186083522,1.9996628633650497,2.3075572978381316,1.6272023279090524,1.3823922527536299,1.3120641048025035,1.0140817172751893,1.5034047863500857,1.0249459718347749,1.6787984309916708,2.0419804238136274,2.0530146967659793,1.7265046822563683,1.8619092549040395,1.534733430615027,1.72541725651484,1.8880048014342061,1.3932830254914907,1.7245623219080926,1.6796689332304582,1.4948836770960698,1.4789137355261075,2.0653790268856436,1.4912158231024635,1.938179059921369,1.3349512582647587,1.3649622989894201,1.1142590116744986,1.6174765507106659,1.1527087509233436,1.2710377352532478,1.2676952727176387,1.4457226475065215,1.4740813754605666,1.3710344292360965,1.2226922017286397,1.4297276799307022,1.5824605782252228,1.5315614801009272,1.2462835157764887,1.2513652374017965,2.6207961096069816,1.3035900600611294,1.3404297370807678,1.2802821794577084,1.3638976926742383,1.344365036312804,1.3348198611867121,2.6503256785542213,1.6874078512085344,1.7556300995019187,2.2967400509190044,1.5313583152054646,1.523546868783867,1.5850325299273729,1.5943582723089833,1.3465759144062346,1.2382309989015146,1.0969598111898577,1.1017346250872202,1.1328557986669132,1.242469558595225,1.2499848257261748,1.7059484894548074,1.1766785687710632,1.3809454643349144,1.8572961567181778,1.1276500929062232,1.1086775496275165,1.1817717777353491,1.1361024623217197,1.3142903220142252,1.1852956313412422,1.2485361236611587,1.278813679150451,2.529413568210769,1.3616355202535542,1.2604430519405936,1.4675076970121734,1.4349819387509524,1.2396160135831615,1.4759332118095752,1.565852666015169,2.3603037764569947,1.846665775637443,1.761092109711811,1.7700153867688777,1.0546500127859717,1.054726299033183,1.0643850893856757,1.4545368801329377,0.9169965640396128,1.189238576539455,1.2166588405570329,1.2441309971162342,1.2130316131535128,1.2219031375670584,1.189404230133541
original_glrlm_LongRunHighGrayLevelEmphasis,517.874500134324,347.97123903690124,344.97371514259027,128.7219748247942,363.18017602999566,367.20525061102796,379.92446814720154,1063.0387308487022,2725.23284852361,454.25256368682255,705.1412867722286,757.2068678980977,553.2791162252092,821.7826485926059,1069.0422817193378,-597.1766554827193,98.07178014944714,261.40814194815994,281.821498031407,385.0664960779781,2496.164821587955,2398.432846329997,857.3598366570848,86.27281259020924,493.78140383060196,523.4485350263999,2173.663926399412,4450.335432220363,3961.557253880963,1397.7555140683376,-422.2408642197038,949.6205248630675,339.2892188104772,458.71425866579347,271.1046786030957,351.259829181868,84.29234483834841,333.664044237183,85.8903815453142,136.87938389155522,114.75497031267787,123.44697961848806,1807.9670342169502,1972.5512090547663,1394.6963156136346,1133.080941990258,2419.4588033557766,1895.7491636079355,1985.1546964410072,725.9706443408517,611.003497339663,1137.78885492378,338.9194601431555,219.58207985372906,233.701681945646,225.3138481776365,192.03630480089748,3218.5255138462744,3074.2823974133753,2956.7751667610783,2149.655390582261,2603.46461502702,3882.6167018926917,476.42705537214067,375.87642130724186,549.9582434712738,553.2109436807849,459.7337353504731,950.181494826961,561.4374226276011,872.5778107194966,291.29252257850993,323.0942469681505,1368.3566708758553,415.371585976869,300.8076157166877,143.91465119280122,199.58090633888128,995.5635707417404,333.6122569859289,267.83400924576915,85.60254006653747,187.0288657553516,198.6437310286359,268.40879338672767,225.28395195064854,139.59675764310646,2818.072834147574,1337.0777517289985,724.6342922180312,791.611756523927,761.2106171052496,659.0612063943615,1040.0624692410358,953.1077009006418,460.01246763570464,620.4158813015687,939.5901129212984,431.89638625240536,441.2773299552601,460.6942473113407,1476.308067892782,382.3797138549428,122.0350117945352,24.516049284655537,39.047575337829926,13.500020167024672,203.1835457241075,124.06318650430808,225.50312875399584,783.1873111743969,336.9224114372884,198.37078849007435,152.0105374023542,254.5071168699527,386.4891457769799,496.39830780673094,1015.3854171979556,869.0359882548363,612.2845172316154,1558.3960453911423,897.810631621453,658.0236138363721,525.3742470889513,1241.3717155479283,1059.1775669345957,670.6612736144376,893.7192790925153,1665.5749822049647,3210.2196564878313,469.9223812584308,401.0070058350682,478.3060928091282,93.45828451338753,206.72210381939828,138.3524340691938,325.56609752578436,-501.25769904977324,148.0593819459142,169.52773934128402,138.5796153752284,165.3477000636068,152.56197419240402,170.33118966864095
original_glrlm_LongRunLowGrayLevelEmphasis,0.009215511179950439,0.11288404777961093,0.1292342157858026,0.1486536938102047,0.13777200388337624,0.14588466246948772,0.26952109539979185,0.021922977410399246,-0.007508907554795358,0.01713027750316548,0.058730027566805953,0.11191286337979371,0.16627561871322621,0.07245057471550716,-0.01604588659314457,0.10332977083653583,0.20972538226232135,0.025567840436089846,0.11571054846943891,0.17916381087704975,-0.027659163921788577,-0.027183181578785034,0.10661301916289775,0.1713285974607607,0.007497540080230056,0.01716244143769962,-0.02438708373554141,-0.007748219292964903,0.01920832576520507,0.07775519316752533,0.0817782016056339,0.006462945426379735,0.029462525498245393,0.10464119732627296,0.16594707971346356,0.248500792313684,0.1821220662214459,0.22991530229935658,0.23014556488541152,0.07923801447206053,0.16958200684938382,0.07675044457913778,0.06553673785695664,0.07230991561975224,0.023516434291025262,0.06712740997582062,0.022609329539821164,0.023406485742762745,0.02178223190901113,0.04363872522852448,0.06090462954443303,0.021795978635171465,0.13285043342346092,0.11104578314528443,0.1489714713518417,0.1392230430244485,0.1482915294948446,0.021799863378855297,-0.02486324081917403,0.02211287743855629,0.02161778795834425,0.02259756183621571,0.015523513880132817,0.02601062429548568,0.07146096889302749,0.06592713606599795,0.0698481393572467,0.06503779560656914,-0.03686175182545505,0.05231845286662462,0.07988892662356413,0.0821869654067367,0.07915116816157368,0.07646052389615392,0.0714094479684505,0.1845259919497576,0.14806499090530076,0.11061684601458249,0.03066267203623451,0.027464523223868616,0.09088415720495265,0.10248862209264664,0.09704269438569016,0.10073416159500112,0.09544838270388553,0.08074038385701737,0.2235144165105522,0.022823671723821853,0.07542870219463207,0.03866047995372499,0.030184683350335438,0.016905073559857875,0.07260583765356221,-0.003692628897545916,0.03407850053823191,0.037543768831477704,0.04918647086198511,0.038409865158791495,0.04640160582952935,0.042354248174536036,0.04265164574291849,-0.013999318347885384,0.1358369717402398,0.09727379790662413,0.22988098039713944,0.19166438067816616,0.4473618332410141,0.34988392043221817,0.4119250750708453,0.0819005769182435,0.02250326346582432,0.045960877924503554,0.09090607880329168,0.12640989806320813,0.02920587782817967,0.12567957836524432,0.03311815679305443,0.02261174513210159,0.020828624339676277,0.08619832240385668,-0.006868693819354232,0.002156824842856217,0.09701486803401488,0.030726717090421893,-0.0007465631165630843,0.057364576132096765,0.008027786267285203,0.025720421472532763,0.020306938197755635,0.022451486838159937,0.051083968641220966,0.05130367415826877,0.046413262932144594,0.1070025085600515,0.09288430571704845,0.1525179114333049,0.06944345711492074,0.08379507642599672,0.03762920902562762,0.03540448251119347,0.042818027193040016,0.03609593031206437,0.04087537998073841,0.04010549403291056
original_glrlm_LowGrayLevelRunEmphasis,0.0053090170962714,0.09441252415375842,0.11280601604534948,0.13348072740935474,0.1272674324077221,0.1325785035050469,0.21597555557529252,0.014403974623323441,-0.01002144243293386,0.005475506254356076,0.04525673642413851,0.06873076238167486,0.10542048034115442,0.07793458278776245,0.027575690518413083,0.08842396347351777,0.17045260333987092,0.03545290010547181,0.10756894999626947,0.160240002735934,-0.02697262814140175,-0.026722133893681055,0.09168987325014268,0.13640927365786676,0.0031230780364328165,0.011181788234892596,-0.011609037958637117,-0.010135013368311213,0.01237366983045076,0.06368405180453296,0.06726452474092344,-0.0002050398692913652,0.02262861712371249,0.07819567546908579,0.1418854518490893,0.21072335856058183,0.1533336523682505,0.19596513866975618,0.19502782066611052,0.0625238416160715,0.14001397632656132,0.061821142469800486,0.052497607105907285,0.05947207190750869,0.017806821361395934,0.054029380892460954,0.016789580578131867,0.017410747984611535,0.015032891812242384,0.03619772982557126,0.05366589576978002,0.015770390677805425,0.1328342232090587,0.09010168352648185,0.1554386040085332,0.06856998959951223,0.0581290951030061,0.016167877399314856,-0.011846294471332161,0.016459956670855813,0.01629150405197615,0.01675774712701992,0.009901996374790743,0.01980279112372555,0.05919935173739933,0.05677161372430957,0.05757470815881704,0.05699624969131416,-0.03510460495317935,0.042974304977044686,0.0658149476687042,0.07112369493622538,0.06673409306384077,0.06400237492642967,0.062140393616395125,0.15764121168015507,0.12542464549722968,0.0955987800369164,0.021322949668738815,0.020636273347808654,0.07871715504794365,0.08529698003951378,0.08056069409225607,0.08006182805814303,0.07113674954396407,0.07346358790316164,0.17458535276310239,0.016359203401466467,0.06252856172019813,0.03183708876115766,0.023739929219161515,0.012756167505775642,0.06173829992435328,-0.005891956872382129,0.024045447002156294,0.02900443121413679,0.0384419869362657,0.028879802856413485,0.03776618214507875,0.03421240389613796,0.03428574985974532,-0.006441972676609467,0.12155613751157252,0.08499008887826494,0.20512408799261717,0.17420878732457895,0.37109418550902684,0.28487071347559073,0.3424494682263807,0.06743873926105937,0.01728955240192477,0.038186046017086,0.07448899475191381,0.10978720495216712,0.023475317407445274,0.11239431521284698,0.025941132458663856,0.016307034828695728,0.01486213134529605,0.07339587150221989,-0.008708405523344065,-0.0009662463623877071,0.07305672331147972,0.028887696382512783,-0.001257259154225393,0.04125884361062772,0.004329926751723237,0.01782778326500617,0.026653592476318357,0.01648448905628528,0.03812663730593232,0.037847130847310576,0.034393415350553666,0.07913760790354032,0.08457548277940141,0.13397001675637513,0.07330789204064389,0.0696639318956731,0.029167437061741762,0.026995508263396216,0.03171631736168348,0.027516267670670495,0.030777853841288526,0.030860698758636215
original_glrlm_RunEntropy,4.95858005690499,4.680310987339032,4.628912612549152,4.280881524562395,3.896616933450889,4.01766935421921,3.977732871176794,5.076407235603997,5.259309849655789,4.42809025921934,4.809340667399264,4.923755984390058,3.8471442994967107,4.8793038872986765,5.07244735679635,4.305814040466895,4.558911029470927,3.998926877796437,3.7028017536166296,5.234789762678442,5.352538315805311,5.389012439740851,4.7414223788189656,4.149439850479367,4.488211849446779,4.319935162376896,5.003399845806341,5.080558541046159,4.7160789836872405,4.526592320555423,4.5372209380275645,4.757292880503007,4.741060317505552,4.856962964287731,4.159405884341329,4.485704703291916,4.416718954279187,4.40975282799803,4.302072887607806,4.7620656987974375,4.637130756271426,4.320627674041925,4.8809743375326535,5.142354283936571,5.297961919825425,4.932406939229087,5.280802892776905,5.289661948210442,5.325880791008432,4.935910539060707,4.862604142077517,4.940024976925639,4.973151773648097,4.019044919464992,4.5608454464050086,4.756000990066148,4.546174612853644,5.096518779820831,5.269022699743418,4.954878302476853,5.149908723502739,5.147473025006403,5.461602060493731,5.0467256481048,4.646537542233066,4.9443319604780624,5.269026584154073,4.750204073417592,4.992257807159072,5.053222006328288,4.633987659924313,4.875446636405127,4.984768207851744,5.055382058645648,4.5695543153394675,4.71516652454802,4.341900939340126,4.497260701999904,5.136313934250224,4.508021400033236,4.104307711125957,4.385817654850577,4.035411418166203,4.19224903097418,4.243885599093246,4.445234438693657,3.8633566649934172,4.698781271722048,4.9448384010001805,5.195391025281877,5.274238373854097,5.290786315500283,5.227266042024591,5.350995395520752,4.74238586958464,5.017485052196419,5.034946909861066,5.001560422331501,5.071236686467075,5.103045758353718,5.054963367962678,5.263357027673057,4.636163733877142,4.347100607917627,3.4015180874129207,3.103176541488722,2.8674927680850066,3.2513246321129223,3.0321991027594306,4.467958477152245,5.1213907207749285,5.065946863107028,4.484777854725428,4.847414039783347,4.846171762630492,4.835232330665542,5.017196380140108,5.352669676341895,4.68850870246721,5.331968780899133,5.3468291637815,4.712520930787141,5.160298966182778,5.020979468656538,5.20540495475886,5.223925179295907,4.766736947425468,5.201266478298739,5.243187433475913,5.147165706205507,4.510745844832566,4.511248832702753,4.510856787015557,4.070010781881378,4.396685972177549,4.083823833273244,4.853377733189265,4.342853373367753,4.624344718160279,4.666712948846956,4.55370039980188,4.566095985436503,4.595736095786049,4.632849568975859
original_glrlm_RunLengthNonUniformity,864.6948508096348,684.4697992267888,748.7733550680532,412.63665599602155,2095.5006908059063,2187.8947468323363,2079.8646428793236,2438.0689808323623,6299.809406650343,3537.7502973396067,4021.269342802221,3923.7374579845464,2164.0023376179233,1931.070969718141,1935.4443508285894,-3430.485433157105,47.4738424404668,174.9473048335194,269.1343809338232,298.10334111605243,11530.39085080491,11974.932903267158,257.3121327606432,1408.0930208004884,2054.5873282020607,995.1858367804925,3772.0984432908476,7143.820708671871,19215.425456891633,8893.781494303013,1573.5637578419464,17136.80332756065,1143.9959576730605,1011.3933141210016,467.6345281713343,645.6848799705276,52.5470980757018,789.1411524271509,44.37748214428075,389.0594265135064,-9.929906822417252,0.3565105031857456,6257.917362167281,7326.392146915901,6750.146770143847,5557.882746360685,11905.72964942968,8242.322948202169,8146.128980411262,1816.0879246566878,954.4077812120727,820.1361949734005,189.83297764342524,882.323036164735,102.7044586183838,929.807123838819,1267.0447431368445,11287.75427091216,11853.100388558418,7471.537914844873,6830.740464105997,6703.984854597145,13725.591897328488,1252.0667029627898,1317.1998784156278,2019.7786617951733,3256.3566407542367,1655.3808582872707,4670.669553178117,2353.582746772632,-956.8180649411597,109.5624678069621,230.63775144630927,-2082.0305767740983,1415.725310940768,1023.7100915482963,575.2738990017297,552.1350989136713,3371.717251700633,731.0337229417623,1184.5548075187567,381.9498025232724,958.1510033988923,1324.150249112961,1195.6695439590915,277.8106446626257,204.85029463486308,18198.407510017714,5181.313449323941,3725.1301617830036,4591.081033433504,4648.074700253729,4318.013025742295,3918.5859319456686,3315.824289141922,2752.582928234142,4255.341447203259,3189.733712376212,2025.7672709978237,1966.7323533039362,2254.60182232477,4182.11676278008,317.74844806332885,-109.54080808493973,-228.89019657825293,-236.09804593153058,-232.60425586216343,281.50133087272116,522.2199291040879,408.8963342566376,1691.6132025334164,427.1906159744731,301.18273307080335,453.031090965726,448.8540524619357,1893.9982235073303,1463.5781140737502,2916.9956506740746,1155.6438039579682,2854.5658223193814,2761.875870222375,1365.558064681918,560.9239125024847,496.53659343747586,2619.896938055838,2580.989222161903,552.3707662101465,2754.306088708212,6491.598325085116,4790.200856613415,1131.725792077842,1103.9792581634451,893.1443872278592,4320.486110407152,4427.625479491249,742.449330338125,2438.7831067010598,2015.7405933961177,1624.010688695907,1550.1613320293836,1586.6039793922164,1345.0122485285697,1281.3027466606497,987.5202824767459
original_glrlm_RunLengthNonUniformityNormalized,0.8975421470063871,0.8976813800616404,0.9073914970795098,0.8905981532307818,0.8716585952790809,0.8720159483341123,0.8534168712008944,0.7046984784378659,0.6642649327704712,0.6410842828923794,0.7666626188208467,0.7735826045305858,0.7787306640832418,0.8865148207498937,0.9378747374657183,0.9499605628148443,0.9210438640209594,0.819217072289449,0.894023813199591,0.9514860432022741,0.7306147257534055,0.7452218982109904,0.7739474784786748,0.8605991689212761,0.7990345419853855,0.7194552058837793,0.7362185209154245,0.6405210474268207,0.586393967165687,0.7220525994896705,0.8395803558955703,0.6182995516617672,0.9536521540304391,0.8482075812529184,0.9019539189212096,0.9206343642357591,0.9317695144754621,0.90770341407196,0.9263561662588926,0.9061963219040979,0.9129119820639698,0.9586914716756897,0.7477922243249118,0.7954338862822247,0.8197840772587016,0.7882664802504157,0.7286310403094376,0.7418937434400328,0.740765114182341,0.7800743823930926,0.8456980727367331,0.8703701082111662,0.9545384109255447,0.8214442002047636,0.9421013526444657,0.7574495101643074,0.709232143744245,0.6881940464481234,0.7621706563362042,0.7213159905157628,0.7892923891858304,0.7526925601734344,0.7443629777258286,0.8328830409520748,0.7534273046122425,0.780247212552708,0.8191440139692273,0.8248578083651942,0.6425556972080009,0.8084343022198507,0.7393664423545138,0.8534223935351972,0.8445516756246212,0.924386312004931,0.7879607522284128,0.9361515034856751,0.8808756114152175,0.8897103758050567,0.8545540619656876,0.80559503165193,0.8524741981408669,0.8905720217034757,0.8311235074450423,0.7744510051923846,0.7913249874144911,0.8895722603683288,0.8907320752054371,0.6153786787613911,0.8938250256133264,0.8680091913443864,0.8920835450855792,0.855632622924962,0.8638728982048992,0.8689094402300493,0.6350224856550108,0.7483569082060576,0.7371283222907313,0.674356007695677,0.784995567949477,0.788944060312955,0.772181426711739,0.7967470093388384,0.8483568054718663,0.8829825266322842,0.9507605155695732,0.9486773329281403,0.9261385802660889,0.8941536850005691,0.881439601883737,0.7635211526467882,0.9024620680566114,0.827888414263635,0.7518174819135846,0.9301438840931824,0.9422671061168482,0.9238097640942732,0.9452077073837786,0.8816990773130744,0.9236236717673054,0.8945213950684996,0.8838052552578539,0.6269896006138068,0.8520674409354231,0.8903487497621245,0.848158278194203,0.8583322752437544,0.8997532752661924,0.8286929856147246,0.8163674859324896,0.6690892789634892,0.7244558555521605,0.7330075662983337,0.7418303632542226,0.9251441387654149,0.9356537051394562,0.9399218677627672,0.8414764300114184,0.9512189387534333,0.8985438464477367,0.8846851011601511,0.8742553198347641,0.8867027210771589,0.8833621783239038,0.9008062147408258
original_glrlm_RunPercentage,0.9398600144884238,0.9415423223108035,0.9454928149925205,0.9355908412486591,0.920231220063626,0.9212044625595882,0.9104361564130184,0.8092704254194812,0.7796132376925554,0.7613946722034337,0.8493408965966562,0.8494443974523904,0.856237190984174,0.9380189689916657,0.9670053505886514,0.9859522168339373,0.9578133336642567,0.8917361778168491,0.940225052853355,0.9805870192189362,0.827636775387601,0.8361370337782817,0.8389869367423812,0.9122624957452334,0.8772302460432009,0.8230281997046095,0.8082515503292065,0.7398394494954124,0.7045557613551546,0.8123509251334851,0.9060067376795868,0.732546444771498,0.9838081920677793,0.9047492328990763,0.9422112194264316,0.9530986251634068,0.9619487934342569,0.9469418508664328,0.9603821278947118,0.9499040814733817,0.953253480228616,0.9862343248315717,0.8276087905093472,0.8656457183796048,0.8689984192423492,0.8624670754248382,0.8067142183262892,0.816064496877013,0.7990427209426122,0.8598784575402628,0.9074553557191523,0.923474153260904,0.9795968607269264,0.8896442664808686,0.9752268832436609,0.8502551546779119,0.8072069957035872,0.7950876507177361,0.8476220090916379,0.8198278893212463,0.8708357173579065,0.8409865252067502,0.829043770685658,0.8997793653545859,0.8431691150192363,0.8563465611073168,0.8868564965280413,0.8901285830211781,0.7694561917261573,0.8840974932796698,0.820740900119242,0.9117340219123455,0.9048227477490575,0.9576704199550509,0.863556568900897,0.9634817864323726,0.9306610125713483,0.9338871508480715,0.9069616819354784,0.882008416927557,0.9110921757539012,0.9382589991082068,0.899114685574049,0.8646241023744822,0.8754354466720677,0.9366018938946298,0.9367305296692702,0.7352218407824949,0.9346082284020542,0.9190421610631296,0.9336064416598726,0.9120747992999415,0.9167771433914257,0.9194488505665833,0.741242634434603,0.843870350119777,0.8363959545997782,0.7744079267610742,0.8701518839162268,0.8723011813310296,0.8609554597284642,0.8717562261001817,0.907881495017343,0.9329128981111339,0.9732100560336933,0.9720954863397216,0.9611812938127794,0.9390473781716109,0.9357735904958309,0.8494104934433611,0.9475610553457139,0.8990003931131362,0.8277695073587097,0.962576243146073,0.9687946829910365,0.9551420242788317,0.9686386913301378,0.9265692621058922,0.9553518908469412,0.9379040430152757,0.93085720400799,0.7367597355160479,0.9112236188215403,0.9348650174916256,0.9021959626311659,0.9101505831682891,0.9406077214727107,0.8954386288843369,0.8816345833881777,0.7681178529962839,0.8262787159614016,0.8355520930276797,0.8383680598316285,0.9648511898727747,0.9691047574566974,0.9690912191956538,0.8990838592578907,0.9896414642692759,0.9446454242260973,0.9369148371047904,0.9301915553443809,0.9379803916622138,0.935690997701083,0.9451601997515193
original_glrlm_RunVariance,0.09611091730260551,0.08942948327765798,0.08826843584697104,0.09734647781033179,0.1582151943592767,0.15502378961603103,0.16966042273141294,0.3719435309300758,0.465734566339409,0.5204453248306523,0.3149086563399155,0.3529933101474724,0.31322248690050664,0.0633286165175975,0.013642570455092873,-0.0665851776948044,0.04754354627924706,0.16737105062731583,0.0891399588289782,-0.013230753859939104,0.34617982345907966,0.3393782491743117,0.38121426689559285,0.17501238662357854,0.21277093781820078,0.33091386481040563,0.5337570635351842,0.7374225614786267,0.8225620842098657,0.44862086089226716,0.13751553706095138,0.6919316772586126,-0.023423862620065156,0.1898977442422532,0.0936055236346624,0.07815036836309994,0.047249652456950564,0.08331222404160202,0.04553802418771291,0.05651772741457009,0.05295924478350875,-0.025612028674448506,0.41980551161231416,0.29799543252345534,0.3352019767919062,0.28163705029884134,0.508560202257996,0.4785544315886664,0.667334847964661,0.26329933530393723,0.15354154124726227,0.12440236429426867,-0.006184076986065351,0.2039354897761004,-0.006212446460848953,0.26437791279573286,0.44381172776200145,0.44324054341216945,0.3027141722671891,0.3584651518662839,0.21279899695645021,0.30323126616731494,0.3876749497955615,0.15474242822026404,0.29783990197856114,0.29507448034374584,0.2062781158192915,0.2005630913553769,0.4345183069348008,0.19652498223763118,0.413739983056887,0.13105803260106325,0.14334444173997968,0.04872098626313254,0.2621038264094705,0.06207755798440481,0.10297316870950109,0.10598103676059074,0.19221095600169485,0.1859301239116506,0.14779250136652364,0.07894515399614938,0.16881785430380128,0.22127393420782593,0.20242938818653441,0.09258277496488075,0.09363196318296949,0.6978297568138832,0.13101431182019813,0.14229517653975762,0.11844546645965605,0.149511708072355,0.14208888377341727,0.1398569441237088,0.7601688424110926,0.269909725466532,0.2893241840939059,0.5908991321886404,0.2044413230483219,0.20369805873875182,0.22882140317602392,0.24822586952065528,0.13932723538409064,0.0870789890217187,0.03109585374201712,0.03203671029172725,0.042216020511192165,0.09403438326810593,0.09018633423056897,0.2922239443240362,0.059783995446908655,0.14212148102930233,0.3884283534081025,0.04243280773462768,0.03620709038430431,0.07413407331560184,0.055693829085570606,0.13463697346603243,0.0760672301797437,0.09983352256984375,0.11286035491621728,0.6964259732836602,0.1413100055000929,0.10038180787575154,0.20214906362479723,0.18270512318603666,0.09621729309038934,0.19847016812288543,0.24102415019799717,0.6192819197753016,0.3327937347016483,0.2847907933464067,0.30083484895223667,0.009384913522226979,0.009688212011004255,0.020635535435642782,0.19524853709753945,-0.0768780313639911,0.06545743587173555,0.07491471505077515,0.08627194661294016,0.07376788634135409,0.07741925271366445,0.06660147847387657
original_glrlm_ShortRunEmphasis,0.9571141495658751,0.9574351872141214,0.9611735036474248,0.9539159698083809,0.9439611904708072,0.9441580299387409,0.9360074448475453,0.8647450338511433,0.8430111763851134,0.8299122261554395,0.8913626481829515,0.8949978532360167,0.8979799327455502,0.9548691443593715,0.9803888784449744,0.9819988522815426,0.9680377869561881,0.9217886876449424,0.9556488794866044,0.9841400993538244,0.8786546357074545,0.8856622706842852,0.8978461899498058,0.93794561723445,0.9117699808965491,0.8728568655232272,0.8775917355763592,0.8292383541847387,0.7961792766203901,0.8677059328154736,0.9313531960498396,0.8163518722750779,0.9851747228837131,0.9335819874552052,0.9584700825903727,0.9666030576716782,0.9721528592427774,0.9614001749084324,0.9702430874251263,0.9620556772331101,0.9647852361475697,0.9872072723432361,0.8846202498060547,0.909131663598207,0.921838637268046,0.9051399720937213,0.8755800534844784,0.8828623016359809,0.8792739698562302,0.9035094992323511,0.9342878898199529,0.9453022556855076,0.9843453738504568,0.9203942960358357,0.9792651386940319,0.88984436021065,0.8626254613697375,0.8533947176323535,0.8923149789626061,0.8724185067367326,0.9083009388456799,0.8893581152098915,0.8826775789808569,0.929214657129695,0.8891599952235303,0.9024207938632222,0.9217360950243266,0.9241210466640853,0.8379608932854421,0.9172181522894035,0.8796543066589646,0.9386198799115628,0.9344520815608391,0.9726999453160053,0.9066891371703315,0.9735330865222965,0.9497400770824223,0.9531579276654528,0.9353613796314748,0.9160796751313447,0.9366360677402055,0.9544073019191797,0.9265685340956301,0.8994960201580057,0.9079278934258891,0.9535873271922229,0.9531022476457728,0.8075247305705736,0.9543845161326006,0.9441661960076146,0.9546009327270647,0.9388399547284044,0.9423398280937499,0.9445707774424925,0.8205301490554548,0.8867247672896842,0.8789818818379328,0.8449751532664929,0.9060355944602897,0.9079947148717746,0.8995039890830565,0.9098937655530956,0.936685001880236,0.9518646296946769,0.9790541568899778,0.9777743771019753,0.9694330574647412,0.9553351992177023,0.9501151276266256,0.8934548666549452,0.9605719826757195,0.9270519503139899,0.8882388590797786,0.9716828748686114,0.9764380246864408,0.9679666679615782,0.9769434173115061,0.9500158779027683,0.9682901324444633,0.9558315344259712,0.9512389942622208,0.8215912067885313,0.9365345055399467,0.9532507458232591,0.9325885264242252,0.9359301886916157,0.9577758018891437,0.9253898778603316,0.9177827906902777,0.8418104166856855,0.8716089607508569,0.8762806896619073,0.8809147879828663,0.9726526930856652,0.9765073687350945,0.9775121395519161,0.9309941175000771,0.9829731039241469,0.9588115231909331,0.9529035770865352,0.9483275739225575,0.9537590621680468,0.9523097052253773,0.9596652726279847
original_glrlm_ShortRunHighGrayLevelEmphasis,336.20238410426157,199.0109663266283,199.946944172933,93.26466041307441,93.16971976020227,105.21149194266508,111.84407198018982,520.2961587326387,1242.9506696465144,159.47160610619568,293.2511258204311,346.38546430870775,176.28297021203045,408.5318647663542,643.577387201583,-90.20964525064107,120.38998922042487,152.1456611249075,132.71899022339176,342.5660210763532,1044.8583841780621,1041.8864293045272,295.5874778342814,15.978311619789338,234.9971712461279,203.6796369521521,711.0630374256764,1439.6239718626591,1192.3871627576311,359.9338047750298,-77.44211072281371,276.23095868656833,350.3218464276947,306.46570958052286,130.57393905015675,213.68575829348663,105.40953523063428,190.64770441087916,109.84987980100482,157.54716209190204,132.55864686259392,169.69167636204384,693.888846696919,884.3500228038978,588.2534126126909,517.1380859391862,768.0333573723015,624.7690669352594,533.10398551182,335.3432059703059,326.3337571918827,763.01216610503,255.67486163437107,88.11016055467593,184.26986288547246,176.48375125812404,147.57911669207155,1262.5916420496878,1355.3969223585823,1286.448719750233,1254.323830661174,1253.4346549416648,1623.7812499122479,334.05640854878783,130.9929587986762,228.2795514551474,278.1504144343679,211.1507830435383,365.46402830553893,283.25066324140846,230.28808787254724,194.01522882315328,218.89608894521675,838.3255933332483,151.46721166976647,179.1855679400546,98.52840398380027,138.66461064192623,551.1837478032237,211.502540396602,115.50050863854676,94.18675502605254,54.18647418157633,55.04370919546767,112.15424611359657,157.8443722720888,99.82095699088092,744.1305451601543,781.593231322458,398.56931574781595,480.69140633173276,416.4163319947986,359.8055155906677,629.9336948205483,246.82506350248514,282.44914696849787,336.79511100754,298.9414303709698,288.82969121230315,302.5484815509195,290.1768423470581,731.2332133038531,211.64334182992408,106.1285805839405,45.62073289219552,61.26976260077919,34.40834080667861,76.58204803505532,11.789426256045772,-34.38170639881406,756.0922125375741,244.04930136142784,90.97257565463121,168.69299536737117,277.9041349091985,233.41483063039016,355.97991076371227,633.5621850143787,658.3702166658662,390.17048282308394,1088.7802895112443,207.587648330979,456.0134113004988,397.5887472023757,700.1042467172085,601.7326226284632,434.50689112138446,460.1361705570792,726.2414172502649,948.7250173516265,223.36652729331752,218.70387948006996,269.22307596863834,137.225511138619,170.35813658752312,144.86520816112744,209.48051218966378,6.1791767090196,163.96813372785402,181.79153345285422,153.52918103069211,180.80722036866405,169.00925430537515,191.09340114021728
original_glrlm_ShortRunLowGrayLevelEmphasis,0.0047570197888874635,0.09039042781061267,0.10932491597295926,0.13013697443584282,0.1248477458427908,0.12955680538041647,0.2047269504352538,0.013010529758220202,-0.010226246878698872,0.0038214599984281034,0.04319231474085159,0.06223186908928744,0.09497942008449045,0.07670339747202679,0.034426562352168386,0.08538731615239603,0.16213803812254363,0.036933780214033596,0.10600647023306686,0.1560010073870321,-0.026593971459939997,-0.02638680554821242,0.08859736161912332,0.12906200826819397,0.002500795705850052,0.01030685130900666,-0.008689338595311458,-0.010296039872805363,0.011121052377263047,0.06098480208143201,0.0644266109593001,-0.0010196770949195827,0.021174970244090263,0.0732946282906199,0.13666837134415952,0.20258546946280337,0.14749550413808796,0.18843611620270834,0.18793135245194736,0.05920767107438605,0.13404003697794487,0.058586213969736345,0.05002122084353671,0.056971350332874364,0.016824068861169404,0.051511601247362135,0.015808378838578448,0.016401661299563317,0.014002278981998906,0.03493271648197839,0.052418900929066925,0.014622044776830101,0.13028417983468676,0.0856902297995494,0.15387632295861328,0.056803348863167596,0.04627994241395743,0.015199049164038594,-0.008940130130720106,0.01547223088687285,0.015349335690396315,0.015728368541176395,0.00893234586382019,0.018699349661604463,0.05709197112623762,0.055270112437750686,0.05527139235466476,0.05562865281720801,-0.034369227596734345,0.04132966447498142,0.06314959720873074,0.06898131973755224,0.06436049146188672,0.06150872520256277,0.06059918548816245,0.15236501474358444,0.12046547354109108,0.09262662653191356,0.019661867698419586,0.019435607268440867,0.0763876276831213,0.0819654526162,0.07764324102022173,0.07629686589369605,0.06654896418243327,0.07177926384740388,0.16408015380065227,0.015314518119391232,0.059991558313384506,0.030585054892975937,0.022535709774111137,0.012124446287648943,0.05959895034200469,-0.006083814820946762,0.02258420212689314,0.027562059662321163,0.03655841752917435,0.027351777812908137,0.03622542570512233,0.03277280673934,0.032817802779424324,-0.0044485827726641475,0.11839165912917646,0.08253880635540312,0.19985501670816092,0.1706334123483922,0.35377447292357145,0.2712216159297952,0.326659356050883,0.06462186718214553,0.016353154227915202,0.03677279019463285,0.07181027591836622,0.10638400235408224,0.02242463678569364,0.10960755829239593,0.024550334271482434,0.015097126247845982,0.013718964106464296,0.0708260983978997,-0.008824599963282692,-0.0010960268354265612,0.06948983101448626,0.028565608149838502,-0.00046913470418366576,0.03842435446263764,0.0037779778171357914,0.01607434046351941,0.02793528015312547,0.015490561270560137,0.03594329669042198,0.03547681608327745,0.03237535015578707,0.07353754621079404,0.08131856818595266,0.1304100018565118,0.07289374098550472,0.06679919070168977,0.02757438102211271,0.025422772136650666,0.02964131997243165,0.025905858853734032,0.028891017858534047,0.029129521242566653
original_glszm_GrayLevelNonUniformity,18.84708342040752,17.638231282136175,19.76068373084187,22.20669935469509,46.551847883184664,51.28575346537605,41.90764978463554,35.95124722094995,60.23463370288863,58.840277865634505,70.14947133345044,69.69528923287669,53.652475462293346,43.82630554322289,45.194642133036226,-58.55835594936951,7.886882880963583,6.6240969720635405,6.361473298372232,12.337397415158229,193.15328841862487,195.87746610373455,12.179402046367493,43.77505287960037,48.98525596214904,24.10006892317378,87.03425566923637,117.99590884078421,347.22724791716337,170.2920372756472,35.35689741931441,349.7897953929007,38.17648359225752,40.92170831000527,13.219801579823908,19.33835944659903,10.728962115075248,26.91035807302144,11.5398927997566,14.898780248653509,4.210106793490866,8.911899334753386,125.44396189922053,140.80732709079905,158.08069669730614,102.62530427307684,250.99261931743072,184.62268193830772,166.5093193350241,34.36173042015392,19.161029277874057,16.678121937482743,6.278324666982897,41.040379965700176,5.77532485928365,9.507342658735034,16.012329818926098,149.91425379279718,197.40726266803915,160.97859224776306,147.67241540613173,148.44714770882166,235.2319143010945,33.61888914981582,28.152080962433537,40.463311299678416,62.0732888240495,35.10717550274056,91.70637975502433,41.35718465692294,-25.706265166751777,7.502381026302842,8.683686921009837,-36.13802447203376,37.23008026580223,24.84146139917392,26.880464359206982,24.115664157535377,69.70053622052313,30.732534050534323,39.98509501496251,20.78356105085353,24.673281380368575,30.890609071042487,27.846959213367377,13.929342565763172,10.798741437117819,258.8238196090927,99.10600741095752,82.26030877959991,97.98767963589827,101.4315318026586,96.96898415001215,84.7459883838052,44.09982365944361,29.860418991157918,37.91040751125196,37.4960610919925,29.277960929841118,28.165617973673406,31.017754719310904,69.23222060235142,16.830165533630492,2.6088483767894104,-2.2730002944727232,-3.0213638943772594,-2.4393033166737297,7.161330300077225,11.065072590731063,13.901266070994481,36.33307004317692,11.010305991595494,22.925736900506514,20.251747751607056,21.22132716681965,56.22073514438646,35.06445150666175,61.08806859535519,32.72059725363452,61.76528359425217,59.977700078402435,42.381628935758634,17.34734379502644,18.345728282296278,49.43040663001241,48.724183599868546,13.176812163590235,52.7223365891825,87.54882194722225,82.63236431634415,15.364132042478246,14.419484765090886,10.755270224491717,135.7602401768031,132.68257487870162,30.16116135428526,47.2112184768149,54.40984829888054,54.82880959250371,43.74677910964636,47.452143209432016,42.15267810407796,37.67024696674695,35.00953849578748
original_glszm_GrayLevelNonUniformityNormalized,0.03798356650458641,0.04663725408596976,0.04896392755099894,0.07083295772917897,0.09308556035156695,0.08164284370216889,0.07800167629392783,0.037869388017030874,0.029758359650879574,0.07506359114095455,0.0482552852842888,0.04338508558565736,0.09360058164020288,0.042812295498578526,0.038830785779371456,0.06202561996803061,0.052622270649037496,0.08686081410509394,0.10556304644824255,0.04094719189836431,0.036705036707446945,0.03588715645210122,0.05260925610349412,0.07089469408718958,0.060627965699684254,0.0696265335667699,0.05185012759436892,0.03625950877489598,0.059394312706254504,0.060694248180815945,0.059563391939506986,0.060589187880204357,0.05952467388866524,0.03823359935148449,0.06875536016516831,0.055023187397084374,0.06030812674200989,0.06594314767194051,0.06657910475188816,0.04593117579514979,0.048775518333328695,0.06306896152747374,0.050258525698016705,0.0438735396034428,0.03759212831438911,0.04784627460681213,0.03822316657921014,0.03866923261283406,0.041361931966102376,0.041018989900880695,0.039908410088142166,0.0388060013382035,0.04062533222037615,0.08655202107226827,0.06143638189839983,0.03466978570699382,0.04356330210874097,0.043040189017536715,0.050902942741955115,0.05199685597774883,0.047344629648186816,0.04736790241339697,0.054913334830146154,0.045003745384546365,0.06200826938372535,0.04628424380582705,0.03775513997191117,0.04776270105621742,0.04638709331707385,0.04047397379170715,0.05539719488835702,0.04830107768860693,0.045765054165341996,0.03987278015253651,0.0612466031317158,0.044685518648454575,0.06513959739063335,0.054918018643524365,0.032016931816891275,0.06854621182313915,0.07779628891194282,0.06034627918599474,0.08113042511970325,0.07824399535213253,0.07231473952537905,0.06477539622878864,0.07680059080290078,0.04856260017017963,0.04509223858408583,0.03401497242092037,0.0318776606978613,0.03222695924780754,0.03286472248382931,0.03128278851285973,0.046645022461824996,0.03280665327689153,0.024656749218854808,0.03742624076595703,0.03429571823454373,0.033595428545857516,0.03388714329451181,0.035858919428050015,0.06119182816442774,0.06328384251686106,0.11100871439166013,0.11873379462648212,0.1507785309508935,0.11581485191882954,0.12267860206957787,0.06166137493115384,0.03544470243688001,0.041280915185092325,0.07006049270344573,0.044082248795804566,0.04403575685027748,0.042534864958453086,0.03635202535752979,0.032164408119723445,0.05297817756651698,0.02891731574717435,0.029420632596889453,0.056246948313494145,0.03432550237092481,0.03813686293720487,0.02985875740346255,0.031387604780734754,0.04458107159307159,0.03463398639513236,0.035344799849106656,0.041069325363244036,0.05588386841579075,0.04979315835827324,0.04046228509320104,0.07717731672684072,0.060298724382895595,0.0723079316574233,0.05018385005975392,0.060859685781059616,0.0515473294881248,0.048551259914616125,0.05161745801208455,0.05107716435383186,0.048923996431973774,0.04994526245140807
original_glszm_GrayLevelVariance,76.92717676244105,63.22483545492949,76.57773777852758,37.74374408379915,16.592783217681657,28.78560606231673,29.056387985790735,124.33311505665844,178.65779362138096,28.843411535393045,52.12056258886859,75.83501265113946,-3.690908649617043,68.44990735980002,126.68236185052024,61.962044766709916,55.186561692302135,8.440346040881124,27.45769880527287,82.76115195879805,72.73796670239534,73.23178298427733,34.57986906872122,50.056749422298935,31.556454627543538,26.326561562558666,31.24636113956072,63.98257413682336,39.78353873524888,57.06121077432776,55.405892681845955,32.81507469697915,47.58547847238545,106.34787266966731,34.790288446614596,98.52598098270495,47.65051508315791,83.3511892904539,71.4779872648054,80.8614668839887,59.41218815004282,46.39016429214847,57.52978260457248,79.52413976076943,77.26052157625728,72.14633410914442,71.35921728651753,69.73621612743014,54.38004347434912,62.596660887935016,66.99588662875395,86.47401015719922,71.81089380600277,5.431774909948707,44.91635649140709,102.9382993714566,82.55266786245738,68.94000690941621,70.39356192206729,54.348337117752045,56.25741550455084,63.66945574930956,55.08774438590882,54.116860570610115,35.28574923310225,53.60235982461431,70.20706324284643,48.048630802908825,41.01034977432106,56.07160139610001,47.65054761766055,45.04345042607815,50.05615027927948,79.17105802425313,33.514120509736784,87.3895085399183,30.15760283488998,35.861579953902854,87.5545641527991,16.877946245760107,24.691564141445525,22.455345560347148,24.76596652872759,26.468183232821552,27.5848301201778,37.32034724065481,31.794118480239987,47.456177454435036,92.02342322006535,81.22555592522744,93.69652558424147,76.68470850162129,77.23720293691076,81.51768432858006,45.865190240139256,131.1111476860305,137.30740453778614,89.36382384251446,118.81224797311864,129.52648527196394,118.0438618769802,77.70202489798555,25.4183002769307,21.052118353939647,7.297296014417945,16.902759088393722,4.435666718302649,21.778998835249638,22.23267552370765,35.735351100219255,140.56575559722233,75.53031162520884,15.719905747966997,64.52110124141919,64.7210223489352,68.94049973112497,93.21865506978935,106.26888473963982,62.64621563012266,115.96448461420437,105.64439725253703,44.070536108311714,159.41619836608743,116.45999484686406,113.08825942126626,114.50677117787524,48.90759247334267,80.44037548908736,79.85851390081073,58.72864693502788,79.15103284886371,86.81714065560013,124.4172306258676,46.61422245110603,50.818983371255854,9.922250033383982,111.79701443619157,64.46347410199682,56.5569993517219,66.96185279111687,71.92456701107044,76.5646564280044,75.55462525427424,93.2496251258805
original_glszm_HighGrayLevelZoneEmphasis,365.2504452816029,238.15526522201267,248.57603408415616,115.01270474205961,124.23761969028902,165.7085494163191,172.17088804988194,724.978072764648,1599.7868007395004,176.21010185113218,324.0610345994887,440.56037344750996,-32.549538195134176,387.38695063338815,754.2651661934005,-24.109329398270916,134.24718454511486,98.1676187431417,143.43788729332215,260.5338914591413,977.7080516461886,988.90466063144,186.52930538258414,-30.487822977935707,221.5623437681629,181.50766825182998,635.4102584509702,1231.425856710067,1154.0479642386078,367.5013162864147,-69.61771543621154,216.85168548974607,371.54324326179307,487.98156944155966,162.58661996608274,273.62752257627085,112.29918544912795,232.55027209244378,129.229543577057,195.4003985327845,148.59309216171204,195.83463909996902,666.1322510556339,850.0825304926384,493.88929070416674,482.2114703498295,636.6854908038722,508.62370986631095,405.2100023291805,273.9198363929544,255.80758359933756,715.0565989817708,213.18724392222964,61.38591130061553,145.32041375824548,292.7050569625382,252.61253273186688,1374.603569645647,1349.291842720117,1294.5446276149112,1245.1518987548354,1217.8143469991992,1590.7932166652556,313.5096236338133,129.17223143203404,191.9798581491261,274.45492881630673,182.252021881749,303.82274083192266,253.46321528928047,156.7312097625557,148.9045824177992,160.5201984027962,826.3507911569893,136.6239913898306,242.48907731762662,107.79208151314793,148.14048488290027,520.986500701022,184.64897869513112,143.732098402012,90.16821949750465,97.15221013177478,95.3870841694569,153.7555481485066,136.4113527119657,105.64212920306761,753.2143564448388,772.9170183584863,327.1418926354694,395.5549707960945,347.66909077010496,311.6450859464102,532.649621850423,204.72353212277181,365.86575359393544,458.0521767979049,279.775747287668,313.7833528750085,341.18494080663913,321.4834489265278,779.9774176493968,144.70823136292358,89.88423049200082,44.478506393813404,63.15418701573793,36.125336639079535,120.62008628789843,65.47173807655781,-23.427423687023634,832.4925145297,223.2933878816294,71.56945216752104,170.2757794701935,275.0497758545561,252.10204379567,388.7084393872587,585.9733451036144,682.8644746524644,386.03222298082676,998.9598452202979,181.83239144872735,560.2517440610117,425.7523725167986,639.9164157099078,604.9807272811871,402.83260350197816,466.1349370053152,574.8669112650167,819.5255446473636,288.47333090566553,307.78018185373577,395.0133343072605,171.53220999166385,162.4169709137085,95.67860194742144,223.591237818759,117.42065175199826,200.55987200731573,241.78049212972272,219.49421304013197,246.20605258164173,234.57851875277905,252.45895646686813
original_glszm_LargeAreaEmphasis,351.48083905812655,350.9001384637413,350.6666650892523,906.3662821820211,1662.1498445772954,1661.9697190026711,1665.6322289574541,-117.35700469116182,3038.299805061601,4112.313768028527,3926.5035261200564,2865.5753640981975,1552.5619333343548,118.10262866419407,-28.74323151239264,476.55126629235497,-521.9959162482094,872.9774347440872,351.34477497430726,589.8153224190571,3710.73953199709,3265.9910446034532,1080.1468231742633,1496.9205360677959,522.6198605650457,692.3856912321202,3343.356747216942,6667.606261907908,35425.470190701555,12619.073750962203,-2372.338224922606,21129.25417253696,588.509087436451,1320.5875398576798,349.9858472014869,348.11334311900737,-522.3158984724867,349.26208742424615,-522.0538771089589,-520.257229055567,-520.9968880836493,590.1596339789232,2604.6938996065583,2504.622513885033,-35.14873202139984,1979.154966523739,3308.453110300249,1566.3343916244091,6444.60630962325,693.0974437903568,-448.04342195110144,-483.115014327386,711.3429708996229,1414.802857829327,714.3601287030127,1620.549096578829,3019.322463605534,7553.258551133692,3094.354642767107,1251.1227729594832,-277.69267182452154,186.92992034290796,2704.124641079643,-480.6978207957752,-350.9361972952752,-335.3136017155566,415.2012087056453,-425.27385237066824,1838.998373419909,436.5384969107088,1395.9047945357966,-507.4643334183154,-491.44927962617635,-5186.335393616937,-386.3294752646241,-494.6817220754813,907.9619582082934,907.0569821295097,1667.053097852075,-413.2494536440661,370.6762340460066,-514.5330823751008,-449.8965783752549,-377.1920480264114,428.37484101814425,906.2942622815782,905.0727482583327,54131.31096942974,1612.8308686730252,-454.13457270192407,-470.41737716749617,386.8457625607882,370.43163904525227,370.8652603188916,6979.714132529469,291.18810906632666,3358.5143771207113,2453.520375923754,-253.46015851286006,-244.66540867419258,-176.5099679581117,1876.679552213966,760.5486915939216,-518.3180213148778,-523.2155602260616,-523.2155602260616,-522.3110930273976,351.2665226602535,-489.5578920348114,1760.7692196087582,-516.4005195896855,-483.1276557736958,-352.7744978493447,-522.4457243730487,-522.8936790358482,347.7192321861187,-496.5093601801625,-476.0513937311846,-495.059928398048,353.65546374350606,366.89695373760924,3529.1628183713246,920.9529295955415,908.401883781684,1668.6497081289392,1663.1902928679197,350.99883427734244,1666.7570883207973,2325.009734735637,3283.3334594701005,1757.472468633631,1491.7019680442625,1331.141321448894,615.8061928956961,738.9622078776666,615.8537363827659,1065.9747048751433,1159.8728240018236,-516.8713562113478,-509.44750858585917,-481.9695949273603,-509.4546746824751,-511.7552090632296,-516.4726544391135
original_glszm_LargeAreaHighGrayLevelEmphasis,1084329.4299505106,1083120.1221646478,1083067.4238721253,958857.5506310447,1907783.1278854625,1907610.0238019784,1907722.3122546084,-609062.9494244817,3985759.9855626337,1526008.3306328892,1960975.1543575397,1933255.2015694769,1905898.3431606423,1890045.876502169,1889299.464571875,185988.9637008158,-815652.1684365508,988229.5401400985,1083244.3082239558,1015103.5365312538,5640678.084234172,4785897.629057021,1294228.4062785013,1672365.247244106,1129206.9117097738,1159718.6712792302,4387080.191877711,11958218.136044178,44484459.90028201,14109715.75989422,-3487541.161996941,8075104.176698103,1011785.9862954275,1212359.7545667714,1082838.8986738955,1082797.641845087,-815680.6826575745,1082932.9656365155,-815690.9888565426,-815457.5360302886,-815529.0193222857,1009391.0102239848,3312643.084220724,3350926.297682614,-147076.90389732365,2249052.376175491,5259243.736922293,1946063.542612675,6640392.061011544,1233196.5188767505,-747033.2871325978,-755550.8205194918,959795.9948164792,1213076.528161076,958056.1396282667,972340.1337522335,994169.7118668096,13942667.316144316,6003258.385058658,2659428.01491869,-361658.0219134034,570058.053302156,5153820.551020087,-793058.5825036874,-746778.8281614988,-723635.4344467034,1105145.1419676952,-748963.3380878668,1955237.3634154787,1109374.3356661797,1312144.480793837,-808631.8494082873,-802473.5161330651,-4874490.173800244,-744414.9628348097,-768877.434119921,959191.1970760355,959623.4736397559,1911828.8461588828,-775958.5052638433,1084377.777351683,-815019.3405487451,-767496.1914961094,-764411.3112164524,1086181.0930624714,959791.9343056168,958873.5044065175,67248004.81006835,1889175.4575048082,-739624.2626186053,-746506.6574977476,1114365.2124223593,1099190.89721152,1108548.3642931234,2452622.534192933,-572374.2268483432,1919976.1269248594,696477.0679119402,-724548.7157544002,-722245.1127248125,-692459.2899112587,2159424.3688205727,1084135.6728832303,-814685.179387633,-815819.4723244535,-815802.5003905913,-815835.0384113833,1082449.3260673028,-769295.4965761357,1942614.1585598974,-809153.8600543335,-800622.0880252181,-789890.7477716028,-815458.512275567,-815356.5425502372,1083156.9896964903,-768369.7361228175,-747680.1857094818,-766547.2677674748,1087133.0938266497,1117438.1290858076,2002907.8623189013,970663.3545877588,962463.4900665998,1915344.0636472201,1910626.9168388115,1086361.1270193001,1911005.8102562882,3322248.141369172,5336161.231719195,1349217.0201603961,1207148.4067624505,1194061.509174044,1010236.2290882235,957692.7247690537,1017135.9880664385,1022430.4503817684,1084613.6456205803,-815163.7523754088,-814509.0945791577,-814185.0515334022,-814762.0303882931,-814984.2801233169,-815191.3760978931
original_glszm_LargeAreaLowGrayLevelEmphasis,1.9707383174619055,2.6381295375473983,2.5760630589635287,5.250199321539734,5.357513204153869,5.604999005364855,10.104614839452854,3.4568762703982756,4.187031917847359,31.3703646158286,27.332621623465204,22.012580889542413,10.575781666255773,-13.123969012990685,-16.335833237917537,5.3072745873306175,2.8263407864242036,-2.4698954415506345,2.256300537126718,3.8588101470190064,6.102251808662274,5.907484298757252,4.626038155983572,8.039527014980843,2.5610811018663044,3.4051910692342426,-2.207851431274487,5.149620664084697,46.33782547563481,18.518432789665756,3.2221087950585114,57.57537147059698,3.446397625637938,5.129105504897076,2.7776753071225286,3.1978574645203777,2.474660369329536,3.0921218029918918,2.7466827794445092,2.3932040288597776,2.9196380036353036,4.009486375016441,6.6580805639446785,6.506361401929013,2.360416717268762,6.311354005737821,6.129209797596496,4.603617099721882,9.541938173471241,2.9179232075552965,2.270191567422929,1.911616272167171,-2.5553165302698266,10.264951655869549,-2.541428602682841,20.891958511729364,48.82751501908675,9.802015496376303,-2.4779084717693616,3.375381788837774,1.9512160578241673,2.401637766074829,4.586878445359091,1.8816372400898276,4.129563349362809,3.209272073085372,2.783947555528199,2.581843232497634,5.5921468868647715,2.678237921177632,5.976950204695663,2.025154777433598,2.2116032308300224,-3.463832427711151,2.9975097501960875,3.7851120302243273,5.946370061248916,5.203505081930388,6.577513998406913,2.2930629880195212,2.659984377963147,2.3171249353164605,4.678802259766877,8.023362652833459,5.049840302239254,4.943949082079989,5.804275388224033,82.09721546499728,5.887375441604478,2.0731366207553927,1.9822113871720584,2.026959785273032,2.3057307705848036,1.9075878546508998,33.61004022154451,6.908965537424376,12.278948927067571,12.715723344846095,3.338289879335309,3.350929330572852,3.644266913291451,4.1449457563612215,4.154040133064295,2.088879347367925,2.2054301561820715,2.0586506229064785,4.042206365946752,4.807376740232398,10.35163647494077,6.297097329737624,1.7165794327937478,2.01851696190644,4.05349788774943,2.036278310515703,1.7205058802233344,2.350611724668227,1.956974454520112,1.935242350590043,1.8868423348394705,2.3301361739456983,1.8835658402881208,11.182979278915719,6.023704673051972,4.557644862300076,4.625697926838274,5.447572899854239,1.938696908147631,5.42783232443252,2.882651996246473,6.031093129705212,8.072742361480762,8.184470196758767,6.724026064405928,5.741264759700005,-0.6473715998758705,3.974031648758852,-1.9895739823537317,5.793397550388442,2.0000994691179983,2.190004872454967,4.451604156721471,2.301030175503739,2.3228878696065456,2.0741562330447376
original_glszm_LowGrayLevelZoneEmphasis,0.0032870455696449447,0.08051361044017466,0.11204449401904194,0.1390973903800881,0.15787924117868168,0.1523707428285359,0.13797682159400043,0.005267767656753131,-0.01254645922803356,0.023907391547819436,0.04363434627322725,0.056442178143911226,0.11841236830836788,0.07801437388470117,0.04085388663109519,0.09390835736747241,0.14346218041349415,0.08678263456825758,0.15079530407125724,0.1504923304299358,-0.018554805003349967,-0.018542233712094222,0.11066442865934709,0.11572024862471719,0.008392015991201499,0.03259057073495084,0.0011859673778129298,-0.012512850792877145,0.002272801323569343,0.0652234556879778,0.0714065735053665,0.009600891392592618,0.006605859546177838,0.060099238427599774,0.12955821028905362,0.16296467690829894,0.12710503929726685,0.17801086421269768,0.16685070518050377,0.053286652283920426,0.12351688161913495,0.033274737488163654,0.05358520854416249,0.06083307676027013,0.018911572834963725,0.05492072603314674,0.01781934491787466,0.01863213191829348,0.004747077185160722,0.07107963848674052,0.07334068230030516,0.007716470728179277,0.11156554882776352,0.10859043489111701,0.16989670682093175,0.035447985669099,0.03249654613007922,0.017027513274645814,0.000253257846118779,0.0171026122478012,0.017022846722296953,0.01737548051391529,-0.0030939196971601635,0.02157036109841825,0.09898284522653786,0.09539259947273768,0.08696355957059618,0.09045398961146754,0.0305686639631993,0.07982614131050056,0.07217262544106716,0.09502844436929213,0.08834528720009759,0.06578426275143741,0.09246011224674935,0.12222428534691038,0.1189755108693526,0.0895385237703029,0.009434251834415604,0.023770301705012056,0.11685312268356299,0.10220288708104483,0.11164465333207363,0.12977626615568522,0.09406398938561034,0.08240746468414079,0.11841573580806301,0.017309370958766536,0.06288210349564063,0.029043132768710282,0.017155925756226334,0.015842101065675504,0.07140928619484074,-0.007923712942177641,0.05014896625771639,0.05191799313910504,0.06749511855503583,0.05732028586201092,0.06505280103733681,0.055884391459465346,0.058992444563732135,0.019222612671803863,0.14153394247865175,0.10416230762081703,0.19574776932219012,0.18654100713075744,0.2747683902364505,0.18816566756523012,0.2449124598859042,0.07206075780088059,0.018181794843627926,0.05838926698668326,0.11864124729064275,0.11088097183789068,0.024163910079374185,0.11017722429520085,0.014744035321279408,0.006511393675976078,0.005114900211364522,0.07320375626390264,-0.011425254480477098,0.05196990854562932,0.0657702852589412,0.04563652588153186,0.015479049379474218,0.021250611542352103,-0.0005840877002542821,0.014812062865425066,0.033724618626064816,0.017576689151836647,0.06913248419924006,0.06178843413874708,0.05229979939081779,0.03859570565189946,0.05489929596892837,0.14359260040137023,0.11471493262535382,0.06940858974344437,0.02811715718942228,0.025965783724969688,0.02823636290719885,0.026043594544331965,0.027674621402344238,0.02810985570577492
original_glszm_SizeZoneNonUniformity,191.462961647692,184.0023272618352,187.8501054071666,190.34487595801806,430.5114829474028,502.6784723775386,416.7000323209378,447.95242816848423,820.9539416460726,327.31670619204556,794.7851476098004,828.6727928795387,519.20702367485,525.1644205359846,593.3281918574893,-790.361983842593,96.84248974990726,84.7700989518845,12.749708564125854,194.5801565103174,2386.618915360003,2448.6439172822893,162.92513180122558,415.69126633070005,361.29163257012686,154.23508698180564,1058.972628214598,1610.593842245836,3098.286824876931,1797.1569903963423,425.90311142294286,2908.6173406975076,332.1596268031936,350.7039287158275,69.15816893779015,195.10385755180107,108.95133309155005,214.50596181157147,99.27124678973473,155.5582051411256,71.39170795849122,83.53664493139365,1532.353850450858,1936.85263717342,2303.2759199818297,1214.7026793263344,3553.871269477052,2644.2678780258984,2423.0111744808028,391.66692372164334,198.7197627072258,150.25179685116257,159.09050039907697,286.96028585014636,109.62311258660816,174.73685797261766,220.39948620795138,1420.0316718322567,2186.510472786143,1406.57505030122,1389.7006181113304,1491.4545528215967,2528.135038981245,376.29183977513856,201.88181619447738,460.1572332380407,741.6510120225925,358.17157966724113,913.8138486094945,414.82527781118245,-319.67687402522847,110.0039755662583,119.82560428355362,-266.3655558846857,336.92363697539855,264.7660171532699,209.45948166528802,231.90486453982146,954.3537493941565,176.31838488260695,264.25707727391745,161.90073548580682,132.63768207247733,154.94697455565836,123.6640854616345,120.4226202943014,87.6181523038698,2244.921902261699,1559.7444781324732,1506.603430781577,1878.0592915995041,1675.85350808777,1548.3610708225356,1439.4552953132816,466.7455321293654,591.1470647383753,719.0846969564054,565.2425712951887,551.6819356136148,535.2227486039294,594.1297503793787,888.7717642923649,185.13440254472619,44.416118530588165,3.8930164277776385,0.4507327600855433,0.7936421303721772,4.848343805485229,35.93698298377035,-255.28144750940555,588.7692941571518,163.7540992783271,176.42461776502427,290.65510308179887,320.6431028186641,776.2771022809077,491.8241264770128,1036.4569522615038,334.3592237323204,1122.1634634948364,1078.2612690387177,395.6361288444146,208.53184955058066,243.1343473167421,724.5041028148029,654.5455141210588,138.8933274499675,620.7449199068703,1319.0303313686236,1089.0243622455623,150.40945971872452,161.84665083246676,152.0717533930585,1114.5231124144007,1347.9751875807656,271.59184968196496,528.0052931041494,339.5187827864075,425.985475008594,386.5199908867326,381.324304033153,325.97082323680917,319.15924029421524,336.8527015095444
original_glszm_SizeZoneNonUniformityNormalized,0.46431957506986354,0.5507163939189881,0.5168123466584006,0.5717826635494104,0.4892350940421457,0.5762032832614354,0.48226815125794403,0.5010253079702822,0.452845987839101,0.3967588794993953,0.502447401262597,0.5037308603067224,0.440098708631388,0.45424039338684147,0.6063843637808851,0.47833663035330903,0.49699454892504186,0.4872154700150956,0.6022741289730356,0.5511091805183789,0.41925755333002823,0.4143369833094773,0.5803610988774605,0.5420329938210265,0.4353835411105072,0.46764379703128717,0.5522638553692475,0.4997173498981779,0.4357784688318135,0.48870017442263647,0.5087253738088602,0.4503201721839445,0.396422249911609,0.560110203127592,0.4643868974940736,0.5914841827822979,0.5323759669395738,0.5265966077346659,0.5184080133207096,0.4128971469577575,0.48872126468470833,0.4969312919471156,0.5392873216403375,0.5597303157518175,0.5380582810257885,0.48651708442741387,0.5397138279528482,0.5523136741404479,0.5695500615437001,0.49477896258906373,0.5514884977223774,0.5114517085750854,0.5815062172877425,0.4222625805440231,0.5423979615077913,0.42939447522202756,0.4307282312736566,0.41590458694001964,0.5066815218357831,0.49384454069567724,0.4702556112030975,0.5036865424787841,0.48090522202011815,0.48507810289856906,0.44886990128701443,0.5202270669175802,0.4678609769543515,0.4939616273634643,0.4011927812915226,0.43339323653479067,0.51150998713802,0.522684687274065,0.47857579575960285,0.5067154881895638,0.5267809927320302,0.5438798019364486,0.4582045587682801,0.5233306939554982,0.5128807989109396,0.41570291869264486,0.4857581960755265,0.4625969171709672,0.42381697405752944,0.3641603707067014,0.35518933238989236,0.5459530617265477,0.4874693292817666,0.45167125977465217,0.5559147933164451,0.5894681587316065,0.5781555451957844,0.5512235682139751,0.5421016504671266,0.5576560956372687,0.4922331865018385,0.5476317963937561,0.51957949881977,0.5147997700181435,0.5553532627800462,0.5406079527594958,0.5583741161904902,0.4607276971263471,0.5531331118623857,0.537491929364411,0.598688594733282,0.598688594733282,0.5092324192815897,0.43165167168575136,0.3964282996755675,0.44684589763092863,0.5107474831116356,0.47843254283635195,0.5573525793769364,0.5711393427895944,0.605449958429524,0.5769604333553082,0.5484945191330372,0.5440527806068753,0.5454258516094781,0.5711529138074842,0.5725819747187888,0.49944479038394,0.48716297119464136,0.6068608492372783,0.6069192535457116,0.5276761297733323,0.5763201096927913,0.41466727170646334,0.5217682527494453,0.5383291638074473,0.44544154786815154,0.46023118430230997,0.4784744959874231,0.4684946665358502,0.5191644295817895,0.517310880963656,0.4630709471700477,0.4329007335312231,0.4143908924622707,0.4305944381925419,0.4258201291658034,0.3999615916058937,0.4113737736490003,0.4790366139291828
original_glszm_SmallAreaEmphasis,0.7071889378465003,0.770233249448164,0.7462294813863065,0.7838704175242996,0.7270603558467705,0.7859558125292785,0.7184923590541012,0.734653941608201,0.6991190111834517,0.6540833791325987,0.7358591485137146,0.7369584690767839,0.6851366466315716,0.6967089766566863,0.8088459202293131,0.7157134331312436,0.7316083235480351,0.7218278460390195,0.794841591541235,0.7692249861930307,0.6732451434730528,0.6690416162067251,0.7892067434994426,0.760640702783101,0.6847792086789328,0.7098924973723245,0.7721099537634315,0.7346922372742724,0.68631926354573,0.7236910864055217,0.7375353393164258,0.6972677847572556,0.6525369540019788,0.7763635972547724,0.7053008356519821,0.7962293566064729,0.7573338283364439,0.753937931235163,0.7478379823635426,0.662881170553548,0.7257903983845815,0.7308571677992199,0.7592413505598318,0.7748631960297416,0.7621105864651295,0.7231507129737664,0.7631566912410487,0.7719355518770629,0.7821299047467297,0.7309216899633308,0.7687415697720636,0.7422876090092576,0.7910295013434022,0.6695161108355766,0.7632891432772179,0.6775525870641879,0.6773279480490291,0.6681164422611735,0.7385489442681271,0.7298899896274572,0.7121581180232924,0.7369538714747014,0.7189118190819728,0.723239485340682,0.6969161618167885,0.7484619265340847,0.7110627268326734,0.7300429516959697,0.6585655212933644,0.6839105852896055,0.7403423873566022,0.7503640167885653,0.7183371313345125,0.7368790709428943,0.7529640386716228,0.7646238683336034,0.7040904754108955,0.7519243409311968,0.7433437845074878,0.6688855904020157,0.7240614875465896,0.7054817222476609,0.6774364094507522,0.6264441336781008,0.6157842794856906,0.7640278975395091,0.7133247241760133,0.6975891228438929,0.7705345892860443,0.7937872272117605,0.7870162896356965,0.7704646658465266,0.7642948888591241,0.7746516369616744,0.728163932573284,0.7675659041758469,0.7462601422826336,0.7448817314146381,0.7730493290285013,0.7632882377296635,0.775302458298366,0.7047629616601268,0.7707976369538655,0.7607613170434084,0.790389093341771,0.790389093341771,0.730331537634237,0.6785286611876202,0.64765596882285,0.6948690751571835,0.7423382882868391,0.7179055221144086,0.7752496624506736,0.7849310535429831,0.8077436075741201,0.7879225659883776,0.7679193325714871,0.764781746491566,0.7658787089179018,0.7835339828955707,0.7846785459830816,0.7351300788568962,0.7261808307016974,0.8061827973958533,0.8056722341049091,0.7540329012865903,0.7866364188074366,0.6684916891504091,0.7522257885744926,0.7619722664085253,0.6918647009164154,0.7023710983986805,0.7158476698546672,0.7100032699237648,0.7474223708963122,0.7451117252285789,0.7052081952937976,0.6828999132784979,0.6667491943973126,0.6806871715793528,0.6762071210503485,0.6542364518854716,0.6637483138649272,0.71851197801476
original_glszm_SmallAreaHighGrayLevelEmphasis,258.9393418365135,184.96064000570013,194.82735290650498,94.9799708277263,92.53877025941111,144.43112019515303,134.27191927692752,569.2147875158071,1138.2170085940122,113.77591021625565,235.7538639850778,323.3760717405125,-34.69593972423701,232.95805106774668,599.6831174807805,-20.471100581413623,102.63154225192667,68.85533430896825,104.45493352071193,174.86763589712143,654.1375876936265,660.1276288108714,123.95521143847935,-2.614225739878691,148.88064200186204,123.03307947598591,456.4485666319061,848.4324409175194,756.5597297698014,272.42219183032995,-37.83980174933362,147.3910202105829,262.10659295164476,389.81491021337655,119.34954159218975,235.54754488603876,84.51482922719981,178.63497374033335,105.38102027645743,149.00112279609954,111.70300137240025,151.12035467418917,489.6619096547947,626.3922615101856,361.1823481912819,345.0542896565476,466.2351456260411,380.0593595753519,297.48871653638525,198.01191664224032,185.65840222567186,500.32635219729525,161.4196390586493,32.123640641447025,100.95577959698636,216.05787286514095,194.93118548932222,902.9404653660495,947.9203349624493,938.2106681404653,869.1675786399376,876.6181130505595,1116.5450752016066,219.5996464624347,85.8637175295953,130.22329994610803,187.54982399830368,119.68046102970897,184.38883449294497,162.80490356623682,98.06943001352852,99.28708948012061,101.18978614696564,579.6627086489323,98.43342923621745,194.47820720742436,69.83030209406093,112.93873549857133,352.5406887830996,118.18252228918132,106.23282062236623,61.126304165186326,71.67382173349594,61.4430732663788,106.00966144331792,88.23489682540873,65.64050543308042,516.7344291407957,570.0747030152152,241.71898163116316,293.55380713889144,252.918174575439,219.7470741471846,382.2606719837882,140.3826854672418,276.2077727435116,339.4005532577013,208.0767044693563,238.0920575723439,260.30644497005005,249.84754916631698,545.4442915598308,97.03875322609645,59.99749053378977,32.97656223817137,50.74375507674981,28.042902420259367,95.63562757016317,62.207731488177046,-27.244637195261873,637.4589614318257,152.93469479593222,52.80905649216956,134.2429260734926,216.28327575824358,192.4809077315577,295.93505057500687,432.8033185222607,514.2813884565901,297.7268494241738,760.7275646629962,131.25166046204404,466.75292243792717,370.25611901644464,498.1938782155665,450.9141535736881,298.2404293874007,314.04089848301805,392.3065478751047,594.8168463230221,221.86951471415935,241.04314830537436,317.2860618176859,129.36657803385035,125.74982438797957,56.30723177539576,170.39675888838343,89.78340720621455,146.03657174239413,180.48759315874378,169.19059322123894,187.3961545912717,176.81198538451383,199.69376056995074
original_glszm_SmallAreaLowGrayLevelEmphasis,0.003319494542466467,0.05728592306421112,0.08059890387886423,0.11131871670252963,0.10985031446024537,0.12329844431641884,0.08224891504735526,0.00037349181553936184,-0.008368645689348753,0.019181368026099436,0.031240778986766013,0.04138994084726645,0.08755685554681317,0.04819118923918748,0.03469516851692674,0.06976478594043196,0.09707766843310511,0.07366639543809461,0.141493181648353,0.1090196162751779,-0.010142683753484573,-0.010029626087728644,0.08020719709039781,0.0700962660631718,0.007319511007129888,0.03046945493114703,0.004110505114224443,-0.008290684817952386,-0.002455153495829171,0.046618756706643824,0.051598003237869394,0.007941546681190396,0.002690819267517526,0.046144981858700904,0.08121680336272954,0.10678271858575274,0.07983423583213764,0.12591451621570904,0.10230794943575101,0.0333864940871181,0.0852561400223387,0.021488584162088438,0.03781974165176408,0.04343916725736009,0.013508053282338839,0.038259832289979895,0.012625807474317192,0.013224966738737222,0.003085647301799513,0.058634285745981424,0.06253211776044657,0.003332211396473446,0.0762579954313122,0.06785605238394868,0.12669865134417055,0.022567852284765,0.019778911931363913,0.011939449435207188,0.0029840189035643186,0.01180425779850508,0.011964021021542676,0.012109760320975889,-0.002899125861592508,0.01505729018163611,0.07830517823867167,0.08286902583847244,0.06790703075630523,0.07972808279253495,0.03169501945156973,0.06208522472832585,0.05327793812142934,0.07679264420203831,0.06699759720514264,0.04762759993766273,0.08034557330531392,0.09221398402546566,0.08388917052606243,0.05985396649474109,0.01113839402614529,0.017318932836602054,0.09738661549995753,0.07442240941812658,0.08782540342646325,0.09750097083607731,0.055645271963437895,0.06754985254818899,0.04218284367556567,0.012186333221089328,0.04476078968595632,0.021861289951167297,0.011111998443983855,0.014268863322218849,0.0575094680728136,-0.004621001620135262,0.03939882233910412,0.04220663137758702,0.05091548460307799,0.04213774132363152,0.05333455366057736,0.04500297793040342,0.046977646363862514,0.02713330719161213,0.10541352595780726,0.08600139248058941,0.14237517564798102,0.1574957789315029,0.1623891058815373,0.07583609676393545,0.12208308548132918,0.052468783568827705,0.01307628715682186,0.04856245696471082,0.09638867699358442,0.0816373639104491,0.01795482884869593,0.08860783968384178,0.007315518512411447,0.000986365193777143,0.0005222291433653187,0.0558119417077167,-0.007329446557165026,0.04983105621315547,0.05003296712649747,0.04166160282839226,0.020650861366399122,0.0061684302135019894,-0.002621829191394455,0.003867914137500199,0.031843325639526326,0.01222773806074836,0.05073838952134169,0.04321615647963275,0.03837065778008318,0.02136482385144926,0.03455486000461227,0.1083804497273149,0.07691388919442053,0.04912725450338649,0.01911299364334146,0.017745005215521612,0.01885836011460793,0.017429328951115822,0.017801231389264812,0.0186633569633306
original_glszm_ZoneEntropy,6.187430043736298,5.664977933369878,5.724713838099433,5.344629374479565,4.789914973943624,4.896774670966234,5.093665191828546,6.677110247142996,7.077913072147414,5.9411466729157,6.281405919124902,6.419971626724793,4.863216746219609,5.728535059700619,5.758212286199094,5.357591895902239,5.656785192124876,4.715613681887861,3.7749724669958824,5.7119326028834525,6.82398971023188,6.86872850479942,5.0015738115192505,5.08644677086709,5.870891286476567,5.364022119056784,5.745802264159164,6.393126659912989,6.234098988452856,5.819065250942552,5.625680530502598,5.927114615399281,6.064060579413683,5.935685044259787,5.264299356543139,5.496332827116658,5.40302426248001,5.537883839938926,5.427282639473914,6.101504049423721,5.681602645209178,5.362983579852584,5.916125191703498,6.01069914156182,6.171991984852258,6.157087895175675,6.157666114421446,6.11281207219362,5.901107799243977,6.047967569886802,5.72051360109247,5.914374712892592,5.4615892072939065,5.065198351992915,5.11824369666382,6.412283306087458,6.34304889154874,6.506394733172142,6.348689294329123,6.0441409523046215,6.1972830895268,6.1004262466876815,6.340976397186616,6.0243271938785306,5.702976721211634,5.850110972033717,6.4599905557179085,5.889209057678977,6.415129725598492,6.360265028702605,5.326200473044697,5.628509682572462,5.768314692514598,5.986059201336261,5.359376410914822,5.867287345763158,5.64744071547489,5.624733530170989,6.390238808624556,5.625247557191947,5.304306118739168,5.596380982800139,5.359266851320425,5.756465061738869,6.095888547429771,5.183981807090817,4.591202567009832,6.1812207389374505,5.978315728592433,6.123605383211758,6.260168663336441,6.1912776771441065,6.212912114220427,6.211074273518092,6.002575935087147,6.406050753184006,6.816675751245953,6.267350082099236,6.282880619736536,6.356804437613994,6.308635561271512,6.534089884320516,5.020481248793908,5.07843515344002,3.8147777857358696,3.529169148397925,3.6361609720409374,4.193940157442419,3.847463189204479,5.642220926595176,6.438709811874333,6.026763427921345,5.159451022373178,5.78821205789829,5.731021990830574,5.76926765262278,6.115301500434175,6.456569843945213,5.640663018720076,6.3262323545898305,6.288324402052666,5.791371316185526,6.318460990798139,5.908144759696981,6.059426647510913,6.308574871146309,5.380705333663365,6.528421731131756,6.429921586528708,6.029626420956439,6.043913162170517,6.174880027023934,6.297516152671454,5.810324411452536,5.860747505999156,4.987062735261578,6.286397100375003,6.093905368174895,6.169789486782218,6.248559236623978,6.17611489838756,6.245439243071386,6.251565815521041,6.077724413139216
original_glszm_ZonePercentage,0.5329563358153265,0.5848012337698889,0.572437277750262,0.569574736442719,0.5142098916737288,0.5704798852459783,0.45151091218640416,0.2168378391968626,0.13415032606763805,0.10664429043223567,0.341024486734788,0.372734565588676,0.3337100968189948,0.49566308761668015,0.6228963194478487,0.6375614058704664,0.6143644841548915,0.3663123117221673,0.556919869856362,0.665718770441817,0.21765759585041217,0.22655838443800602,0.42120563875188727,0.48808319234820563,0.30447947590733004,0.2507142097982791,0.3645536967977695,0.20113919102507413,0.14021044365879493,0.30433964655816564,0.39598542493508354,0.1544534312620403,0.6250994120219533,0.5128879178463985,0.5563700202661218,0.6436583396326973,0.6425901850410245,0.5916762823646343,0.6166939171336844,0.5308464154386089,0.5749970822410231,0.653079015696838,0.31551275037738413,0.40348270736537906,0.4404212490724239,0.3465429774763424,0.32639972938729434,0.3473711829817532,0.3823459080318816,0.3132841229438325,0.44665561333407083,0.5097508971681404,0.6956494160143867,0.37463036163558666,0.6258014322732173,0.2861184321384158,0.25760339069695437,0.19759762138433545,0.3051862149242318,0.24652453345806677,0.3115555273953858,0.2922118278985767,0.2890007686532365,0.4064953875806914,0.2669734554115978,0.32186509640084626,0.3555114748610477,0.3731239899789367,0.025979259904521157,0.3052776064485451,0.3088481231157474,0.4836157308716109,0.4264040762693125,0.5992920622309433,0.3834263360423418,0.6382216148368484,0.48690109455165553,0.5341857714034014,0.46516449192852705,0.33504954343751736,0.4228336358481662,0.4904063491587084,0.3545759423720914,0.2564324213880561,0.262949299986399,0.5388676901847207,0.5686278309180952,0.1605917871255656,0.5678565217512153,0.5424444609552369,0.5689597246671225,0.49265480756567187,0.5090444913829947,0.5123677254368157,0.16528842530919102,0.25932251702782994,0.250652287948386,0.2008318264555546,0.32365043073184846,0.3317528174897729,0.30841716709786515,0.3783282301345895,0.5204299249808337,0.5484820080764514,0.7436702046964583,0.7436702046964583,0.6272631979462413,0.5158232694591843,0.45363936010004485,0.29855490073158036,0.5244591294439959,0.40133388617407556,0.37062825480131406,0.6651876442570468,0.7087116366598414,0.653206093677056,0.6930454838217165,0.549463805790242,0.6488706059808091,0.5747544931511039,0.5602622808652246,0.17072777394890892,0.4411833138667815,0.5777729208092754,0.5232379026533093,0.5167057154584305,0.5949789067024052,0.39835763088028187,0.4120988542422074,0.2301450023286854,0.2177626096415398,0.23218559100088257,0.2511126217153813,0.5481380840579054,0.5992266334037695,0.5749436131956261,0.3983998732016661,0.5872863032430664,0.48367106499716406,0.4363167014599474,0.4197140210700581,0.4463889008063364,0.44092619868098004,0.5042605794183113
original_glszm_ZoneVariance,351.08620166108585,351.4066204751816,350.97908892538067,900.6192524551424,1653.5958669826434,1654.0066394866874,1656.2842019929722,-138.94391950906902,2978.6660960922886,4023.87367287539,3893.296443015861,2848.370313225534,1513.9019273747867,129.64989703138053,-6.235005658827504,469.8530496506057,-526.056430385051,862.9876253321119,351.39640343694714,598.3430802118135,3691.131532898063,3247.486179463649,1079.0592686206478,1488.9201526988743,512.0523154783541,675.2345527551818,3333.389509417492,6641.780782148251,35377.05082655389,12594.628738749208,-2382.9749250792966,21089.35374787269,596.1968217067615,1317.739998224411,350.02738929268594,349.40055085206654,-526.2263058609478,349.8709123946512,-526.1011121270212,-524.9358715542239,-525.3105115057483,598.4433429412481,2590.9780945878,2493.5172271024103,-41.034791479829664,1966.5590007548421,3298.8010670933854,1557.7513413249867,6440.315767032778,683.3878364753219,-454.8923890680485,-488.80985490910734,717.4551931918929,1395.2347724497363,719.1930924218394,1593.1415908954693,2980.182239838151,7521.4179370403945,3072.8503463288334,1233.5062629952567,-288.19196383205394,174.95341951503497,2683.798543253812,-487.2964085686467,-366.20243487085577,-346.59541385931675,408.5077194459018,-434.22246888599557,1813.140254601084,426.0173811383504,1381.6499149537283,-512.6710990883212,-497.6001719113201,-5184.26366867666,-394.9180843423683,-498.9692017240559,901.1918350365426,900.926118006991,1657.8920749125482,-422.38014116721433,367.2438707905367,-519.6526719235658,-459.5748836768894,-393.50264967351404,412.9725875724271,900.2182268227685,899.3162297244681,54068.95842857994,1605.7037076520255,-459.3820533769767,-475.35157120834583,385.5692597513489,369.5373277178012,370.045445593139,6923.9742923676895,275.584116741089,3325.5170092092467,2423.219763721507,-263.2085915143366,-253.96847324344571,-187.22498455617165,1862.6732772966182,765.0592902876406,-522.8386825748385,-526.7348681233111,-526.7348681233111,-526.3001630375743,350.51602771319267,-496.25239628757026,1745.8897223434883,-521.1410705800113,-489.8556977399835,-360.41932740562015,-526.2510962321903,-526.5273769197556,349.1144337489909,-500.4138278885939,-481.2099169958001,-499.2656053156611,354.0061505321098,367.0117521375141,3500.9665929310577,913.3765881023264,902.7345945364732,1660.1975471035007,1654.664747452316,351.65646306463896,1656.592387450228,2314.415374319092,3262.3838059148306,1707.0096294000411,1449.8361076456029,1298.19963454059,621.33860175722,743.1757201012117,622.2401983633154,1059.7951174527284,1152.2230029371106,-522.0772376312425,-515.4021800530031,-488.26246920795484,-515.2260211272555,-517.6240781542688,-521.4271697559739
original_ngtdm_Busyness,0.26585511504382253,0.3989873115918257,0.4133312886852764,0.9415029187109135,0.8052316420875738,2.1061581274606374,1.5263152966333342,-0.21368505695845263,-0.013419060183311848,1.132677544569302,1.1928670563630568,1.4989576309889692,1.170602466153368,0.16362976494081927,0.045391407612886625,0.20159412912194896,1.294006017492998,0.2901849252575197,0.02201510891108749,0.3154054334917317,0.7422867363151389,0.8030954490305475,0.34628343395048317,0.8117490954723046,0.6609555058378245,0.4124397003793967,0.3760281563790856,0.3176122563782323,3.041778747089177,1.9361831501726727,1.050323619065534,5.982442050506936,0.34165413085394614,0.6396997792281207,0.563408277325639,0.534756387384818,0.9151512032697343,0.6061222482411367,0.8881698885970241,1.2179298454997927,0.6083587857313033,0.5870848189277929,1.1648714858746794,0.809857611271822,1.4745716461425218,1.076403380638833,1.9788308271754973,1.6694473448946516,1.2534746238775247,0.15389320773017157,-0.159156987718582,-0.35551066388629204,0.2959664261508166,1.0163181014211808,0.33194203680977785,0.46712869904336657,0.5434844590880068,0.38202164608592354,0.2860117407480304,0.18741322062039567,0.171498816341345,0.16854607848011272,0.3751262059707444,0.1333988310923282,0.6797984042402719,0.3573507693862659,1.0191806907282355,0.4694119310613221,0.7758103996159482,0.5315701658864002,0.10493697156871806,0.14213958887694156,0.1128850855030098,-0.5436377736027455,1.1028852748815752,1.9080185773337996,2.0056431007293014,1.4753983301807327,0.7756538445117764,0.49032918011497184,0.8643725465730152,1.238408266384854,1.2319529129507267,1.6248261738315142,0.7734309036585901,0.4473226900356044,0.4279139305949823,1.9952946394039857,0.9383445565216947,1.4149564690549399,1.3543428876469892,1.3419992859582235,1.4672736054275624,0.6305480642548846,1.2909109622780477,0.49720319163437227,0.4445901154671234,0.45004142435523764,0.300621490225393,0.2024950174533613,0.3598082405455003,0.8168302349513353,0.3743902475622871,0.22256148654486907,0.18425409018828676,0.014479348489720212,1.754211634844501,0.9366241671701906,0.958243392177063,0.690234773901948,-0.11120260429056894,-0.05939703888955061,1.1500022448008276,1.4770733574390433,0.5566676783907043,1.796142372579983,0.602527588282413,0.06414323991241799,-0.23895935068420704,0.32494878045842274,0.03535135139772905,0.6672404782747539,0.32171816882954757,0.31077484941667977,-0.02975085344382089,0.07734764972739627,-0.0009875809880710573,0.4775512151017153,0.7868511149861581,0.484305276353857,0.2769161668594652,0.2755801902993614,0.24968446792785493,5.013883137002638,4.383655387226547,0.7316926755627093,0.35420515620323534,1.528074412794921,1.7580739259689553,1.3153069530514991,1.8211717182832192,1.2943619497686598,1.5544397376344001,0.9857956116950759
original_ngtdm_Coarseness,0.015024749076754768,0.017820755230788275,0.014085070606452735,0.011658435434825396,0.0465237237231694,0.022359850511650653,0.02552643997842383,0.004358860727279239,-0.0021371980797912464,-0.0008758133294974827,0.0045742893650310016,0.004527441867433893,0.01296913321142914,0.021655093781219256,0.017195735440263163,0.019471311680108752,0.005947377480976479,0.02783826594978219,0.10433700665698492,0.01902194333839146,-0.0006636641737162215,-0.0006755115649941194,0.014126556755858761,0.042394611715432094,0.0019046198795056608,0.007636417937008452,0.003435536162110812,-0.0037209316335426266,-0.000658243805008318,0.00952177475529122,0.010834596864629481,-0.004580437703571324,0.011892471950842299,0.010827656714337726,0.027712044230983456,0.010261905202380685,0.006122985775649727,0.007908777494929572,0.005700545671326173,0.0038773381953521955,0.008678697785116924,0.02219183358549128,0.008382292005878403,0.008079572644413696,0.0006192366960333529,0.008699412513238745,0.00045786984430746906,0.0005411841499332447,0.004624008878934649,0.0031743310380002235,0.01418692202079387,0.022559625532473003,0.022605470855840568,0.02047805456616817,0.026586453016085896,0.010431204427088121,0.007324756878665816,0.0005590247279013798,0.002418927336222447,0.0006774895921581332,0.0008029324983178498,0.0007630405635820434,0.004915634906974241,0.0026954367379097323,0.01026008661063941,0.005472161270855497,0.0010022173690817527,0.006535412638350227,-0.0069912975046703945,0.004212735348584615,0.018726750469908786,0.006888192088978282,0.005939177270845773,0.01619664457930519,0.005708743456400874,0.008932782858468049,0.006580419677185743,0.007250583925529984,-0.00893109625769018,0.0031581198267782978,0.00874715283194322,0.004472092126908756,0.015511713357989886,0.008832779467199169,0.011274726960228042,0.02623646553715809,0.051265405714796826,0.0003703982603487869,0.009970300745367035,0.0012216545974291105,0.0007752599968586984,-0.0023585533130868995,-0.0022479726848863065,-0.0015307333187747664,0.0008130438241695393,0.001190338874058526,0.006812566400715637,0.0010153963007851208,0.0015823891742531293,0.001601633531709409,0.0013652177154913226,-0.018025934249281526,0.015075226376109136,0.014049378734170627,0.12338816214457396,0.10404920564939285,0.15301033884983373,0.07034828082033658,0.0873052175482059,0.014398376720783616,0.0019403298575537183,0.005263198332697301,0.003489361136307694,0.0032068143109946073,0.0033900239743544,0.0011600505687974737,0.005938060029345414,0.002252211444351032,0.007940510710648899,-0.0005283299199457161,-0.0002473917838609948,0.0012173585221744339,0.008107089840585857,0.010866804417206947,0.0046845296505443335,0.006448068710343705,0.02840932757415448,0.007854491052831012,0.005247304918719967,0.0007301543741618007,0.013429158816231943,0.013251063631316565,0.013312895532346769,0.005332468140400934,0.002888308552966363,0.014410575216365082,0.006130125418915415,0.009746693084903418,0.0014765464674896152,0.0014977366398907458,0.0013185688764465932,0.001426365303421686,0.0015056340713099636,0.0017925718875207459
original_ngtdm_Complexity,2208.146296212053,1979.4310876239006,2778.28028637842,1095.4746751591497,437.4805558762871,901.2679803567607,961.0313999398297,4273.03365684672,6684.114829231148,642.5264758951312,2275.3526811583374,2605.0701060487627,-372.9077708829386,2117.8912398724283,5787.389942992704,1270.9199505056954,1826.1537071507312,34.17247469871381,673.934157904129,4292.320448649369,3073.5272833935664,2962.704120201808,238.65520501586025,850.2635151460836,901.1851184162454,616.3737734689196,1619.3877777377136,2541.144340242676,1803.5600905491506,2428.7128105548045,1750.3444704783574,668.3519415585581,5398.937029010242,4725.041908970456,1004.1938823437729,4266.933108866721,2088.3107428144217,3797.8933336907116,2617.8287113479105,2275.785731338459,1571.8806850798655,2492.4943507857315,3371.754541574976,4903.696430396849,3195.6862932521344,2805.003227432908,2514.68222109542,2220.8905193948863,1687.6459133096669,1996.8274246332833,1623.3489889938237,2748.2943093622175,2585.038106489453,460.527323021179,1689.4525960132028,2014.164385297302,1783.5570038625328,3080.8981601868377,6338.330454393092,3658.213705907283,4319.4672389576735,4063.6869452317533,5629.161713684018,1947.03783408604,618.212941591793,1207.398782063033,1380.9261109849876,987.2906907429588,436.4686478347919,947.3587550059497,-278.3639087785691,993.1232443961567,1101.065246182204,3268.6204384804187,760.8682445993172,2459.9081094747326,400.1862188525279,467.44374730621394,3526.5214310322503,590.1503355559782,758.2606477583627,628.6423114117626,570.9340552789267,617.2578788365781,666.7165935775054,751.55162094353,330.95800736380534,2512.3019847514834,5384.16642088307,2565.758152336176,4397.764181611716,2210.1895306333417,2173.0675379076583,3047.5965190942634,837.1663261868978,2493.7120459128078,3754.889839174005,2105.173774924785,2971.01065519215,4053.529725029546,3198.295020040625,4114.854964529633,1105.8891121035995,543.5088489568427,274.9637151616366,332.3201190348841,232.39545679259936,580.1373374738569,528.4924809539921,-419.0479412073423,14771.294930280284,2697.2395267596853,435.71143023917944,2370.54301453196,2746.4620534463143,2485.7284243392237,3553.178507590512,8582.70870349075,4905.497302921205,9019.393843951373,8950.410033357688,1212.305322998455,7846.687773928423,6684.753628231114,5358.480656362995,5551.691115815765,1567.4188452344592,2687.532131484193,2262.1084875219417,1808.1694319784806,1388.2133475314079,1871.244919741654,2813.217988288907,2087.244159102764,2147.847197422532,-486.6439085050556,4131.08316262619,2822.3451978953003,2183.4054047217473,2396.9042522991854,2453.8311706645713,2888.393758068898,2610.962846802995,3691.5704683472904
original_ngtdm_Contrast,0.4261980906408831,0.4677463772301811,0.41308382786702025,0.20664069864627987,0.017360678409736485,0.0933317876550408,0.17571427586702928,-0.005376540098277982,-0.1315631062586911,-0.11220530671175644,0.16532751324641484,0.21812648412933539,0.14101338930832605,0.4243218608486192,0.7780139218752123,0.8178256682396954,0.4889087840636732,0.2653183888488946,0.7770018200777593,0.9222462136125437,-0.04586146902057869,-0.03523705524564885,0.7269160159601316,0.7094913381017773,0.10715380992016096,0.1776647915427547,0.19534105690850603,-0.04109502824671324,-0.007669617429260811,0.22803242097603452,0.3394492029859539,0.0429478125216598,0.20609684673261933,0.4920638768318957,0.5217888525552238,0.5644953572860638,0.4248201178123378,0.43180334438469836,0.3905429250433257,0.3920558410038608,0.5422822411436172,0.5918615271446609,0.06413800094954314,0.2089681193808067,0.39925803883743244,0.15411823245550685,0.2686964975744162,0.3009445238792888,0.4268492294902165,0.1429207944501636,0.5545854115745563,0.3284750014903604,1.0039079306922971,0.12105982566605497,0.7057911234916021,0.17937484634446232,0.11476370478025277,0.13200088292682138,0.06746542943834499,0.13616129756157563,0.1534398021466295,0.15520180969416558,0.03774656959136041,0.21765464634835008,0.21577031063356608,0.19869273155788114,0.3087948098181557,0.31127833959232143,-0.1061596334281944,0.24601509217178194,0.5234097491623797,0.6085053717055431,0.4755942032758046,0.46860027768275675,0.4647096457863203,0.8034868275407945,0.3581483283110539,0.5548593654578142,0.9200960308008037,0.20712345819212644,0.06210986015114267,0.30860630257901067,0.14176774425049057,0.08071693188104934,0.004474245653933229,0.5747069671229964,1.0860280960636564,0.12627898991211878,0.483737484189471,0.7699237474416158,0.6935846753805415,0.8589485954575362,0.9183365990551045,0.5718631571686477,0.1430181194941649,0.16278706252536432,0.04054657531163258,0.1455564484431559,0.1883520952009226,0.17949621614415062,0.17814037838698515,-0.018770070338614386,0.5346719734000858,0.5868328131822619,0.40215074427766234,2.1708191715147898,0.3310786438601991,0.45395625564766046,0.23883501844713323,0.20698378357369293,0.21527440653338062,0.24905454353896134,0.30689587118902967,0.5961545198800802,0.4814366289194034,0.6253386487164403,0.6291300151161421,0.29180302467680436,0.16141750814484854,0.33379607041401105,0.194665400347826,-0.04230825913600478,0.38829437972427155,0.4083352868919765,0.6773597084055268,0.5935615314041427,0.6131363090594731,0.39162069193856747,0.42295819914679395,0.17040347732985858,0.02885286050539182,0.030771164876508827,0.04387440270208015,0.40293064383987637,0.4445378299659725,0.496324217293453,0.13174539446390232,0.3037040331015587,0.2630287630483045,0.24925164481758538,0.24275613784052436,0.2588799496696445,0.2716312738356307,0.29335071193110557
original_ngtdm_Strength,7.891329742284733,8.212621728877625,12.634221677254823,5.839579167925568,4.895410791187164,4.788262088262099,9.29143605974151,15.640331191978166,20.258160343739295,0.4663293650977689,1.580650892907558,0.11860982783605856,-3.8498531032973835,15.093993187394666,15.315083359153284,8.634902019673868,9.16733343914707,0.8300487803020653,9.04249946747281,6.933312802462622,-1.0325786474563863,-1.24171984041355,2.1051392212884754,15.663366857323396,0.5713920595042206,0.9461203432377037,0.24504099248254718,2.003522320822601,1.7242637630622606,4.171343171491508,4.234807975505655,-0.2767384144635301,7.655847665654507,16.599171736972426,4.440440722455437,22.088348164600156,11.32989247680819,16.826579333242417,21.629563522399856,8.482235202559428,9.969140423381322,9.63021948789848,4.129594428352998,3.6632912297137494,0.8720246843012083,4.1905940503696435,0.7177123089804152,0.7942533590615035,-0.8265172064709239,3.572976441234248,5.62833554295901,15.061153782648425,6.47953543538441,0.2706080967449651,6.4950838398417545,15.49422658071089,12.32376144355352,2.6543907159483635,1.946503649685781,3.5779535418175383,3.2854646145592077,3.3040373316494414,1.4250424681606653,3.4592012135136225,2.158150776518576,2.5341533601985042,1.1423958079655083,2.331274200100333,-3.1961876899433355,1.1520433038264128,8.145751996859788,3.8700769306389673,4.047895784351789,8.548939351399355,1.8284213848198934,6.222592824603925,-0.14322484516657052,-0.3262489012742522,-0.45712070364785085,1.5081249992706605,1.2693500554094816,1.3605959817049174,2.19795152250252,2.0682094457948637,1.6329543388789851,7.245607742731791,12.39745596953215,1.4634693798894807,3.547208250194846,1.9051890126059097,2.2431843564231295,0.48694519229581346,0.5330290706455578,1.2286439870416475,1.0465321382814743,4.505133200542718,5.180586395067473,3.472333611182946,4.838801101646223,7.542548381612124,4.8344374208429155,-4.359973191725728,2.0255132480368596,3.897246284659917,8.683516156615793,15.356186559881287,7.746572100584294,6.8338571622423085,10.600513948602877,7.756185415402845,19.155094707104173,9.488224317437451,0.8848406090956304,3.742050159712135,4.563368415144024,2.140758491844419,5.283008585475334,6.849899977000571,11.802212482285924,7.218516707667914,7.663829640114688,1.365849465629501,17.07473395433454,15.337514262145582,9.01245342381577,14.08679294449901,6.963990599476728,6.79252774847633,0.08531066467911774,2.3489565410929103,11.12164159081545,12.411525098291893,15.606058025411706,0.2492765052038548,-0.242806512675112,-0.04558647543617678,7.293877285903677,5.146047271822979,3.3615288525181457,4.404861065697837,4.832388232692812,5.652582536286598,5.303090991438065,8.91421401790101
